-0.9995793154019174 -0.014191935117850838 -0.025293896462288332 -0.6832 0.01522598642003157 0.48549051641134444 -0.8741093340150207 2.6909 0.02468524980978042 -0.8741267342052047 -0.48507019181719657 1.7373
-0.9995793154019174 -0.014191935117850838 -0.025293896462288332 -0.6832 0.01522598642003157 0.48549051641134444 -0.8741093340150207 2.6909 0.02468524980978042 -0.8741267342052047 -0.48507019181719657 1.7373
-0.9995793154019174 -0.014191935117850838 -0.025293896462288332 -0.6832 0.01522598642003157 0.48549051641134444 -0.8741093340150207 2.6909 0.02468524980978042 -0.8741267342052047 -0.48507019181719657 1.7373
-0.9995437768056129 -0.014840914512093796 -0.026305617377587482 -0.6821 0.01587404703655134 0.4828290270277343 -0.8755707540171342 2.6914 0.025695386353442217 -0.875588874938402 -0.48237316385165036 1.7371
-0.9994943824393071 -0.015994210176952347 -0.027480260426042288 -0.6811 0.01633859489315864 0.483081800829679 -0.8754227687375232 2.6918 0.027276909450758568 -0.875429128455279 -0.48257622326721117 1.7371
-0.9994750949777775 -0.01646970511084263 -0.027897729884783604 -0.6797 0.01646970511084263 0.4832375859357216 -0.8753343271873769 2.6921 0.027897729884783604 -0.8753343271873769 -0.4827126809134992 1.7373
-0.9994877882531159 -0.016799061205813537 -0.027238808261336036 -0.6785 0.015766157186422415 0.48221284755229127 -0.8759122090387162 2.6925 0.027849406106190463 -0.8758930078486266 -0.48170099582772136 1.7375
-0.9994488365755545 -0.017065025263573706 -0.02847469017433241 -0.6775 0.01672073063105182 0.4822230944815154 -0.8758888652767743 2.6928 0.028678218824300033 -0.8758822249945623 -0.48167197105876997 1.7374
-0.9994219486077631 -0.01762236786901416 -0.02907268119300775 -0.6759 0.0169335219599982 0.4834910020303094 -0.875185527068265 2.6933 0.029479221073349077 -0.8751719277412958 -0.4829131106301547 1.7375
-0.9994218258684673 -0.017805359275603352 -0.028965206003159064 -0.6749 0.01677228976125892 0.4828605689652249 -0.8755366133033747 2.6938 0.029575399809691927 -0.8755162135104327 -0.48228275483003835 1.7375
-0.9993944849896045 -0.01783256405008165 -0.029877466956938686 -0.6736 0.017487978271136746 0.48490873781639043 -0.8743898939290775 2.6942 0.030080458579474424 -0.8743829342163048 -0.4843032628043441 1.7374
-0.9993145154346731 -0.017613197303894046 -0.032561856861966706 -0.6717 0.02002345335619936 0.48264765443337854 -0.8755856914007051 2.6947 0.03113776737753074 -0.8756374917456954 -0.48196412988110504 1.7374
-0.9992598497255745 -0.017484010260105178 -0.034264589763290505 -0.6702 0.021614355987362322 0.4816383112725899 -0.8761035079999048 2.695 0.031820941872823784 -0.8761956667889382 -0.48090392092247897 1.7376
-0.9993186674459305 -0.014495552597503106 -0.033942301763178244 -0.6682 0.022757707363257815 0.482005310213722 -0.8758726891970897 2.6954 0.029056628325701404 -0.8760483775914812 -0.48134701876055636 1.7377
-0.99937643705522 -0.012527782788400634 -0.03301199353599482 -0.6666 0.02285929431959979 0.4830052745732599 -0.8753190032197518 2.6954 0.02691077334496026 -0.8755278176007981 -0.48241771410797074 1.738
-0.9993882725308075 -0.009451255399828426 -0.03367127112622044 -0.6648 0.024944044566784153 0.48219829764121414 -0.8757069123814001 2.696 0.024512759300791054 -0.8760111160957273 -0.48166757116104375 1.7385
-0.9994706083798538 -0.004426537162490715 -0.0322321074947595 -0.6618 0.02611413320522385 0.4817472443520134 -0.8759210264665307 2.6966 0.019405025940319384 -0.8762990347638129 -0.48137661621672573 1.7389
-0.9994180442289987 -0.003997008318925441 -0.03387619804496702 -0.6595 0.027752972105544057 0.4821358658819654 -0.8756567702984751 2.6971 0.019832937472605505 -0.8760873419669674 -0.4817443552720279 1.7392
-0.9993326798802984 -0.004289809337751532 -0.03627385365668775 -0.6569 0.029752497037785687 0.4804904967884782 -0.8764951063274559 2.6976 0.021189238855551497 -0.8769894412316531 -0.4800422232730317 1.7395
-0.9992497573545815 -0.003542683609783069 -0.03856645977596777 -0.6527 0.03210654141530294 0.4811150752804019 -0.876069320508532 2.699 0.02165854162121269 -0.8766502915819824 -0.48064037891553396 1.7395
-0.999217751496959 -0.0015765371369586764 -0.03951454952315332 -0.6495 0.03391288863309945 0.47982160566085363 -0.8767104098421551 2.7 0.020342101118639162 -0.8773646569538213 -0.4793928009997469 1.7397
-0.9992738675418792 -6.294281354376347e-05 -0.03810162314255447 -0.6446 0.03342079390948775 0.47877220111739 -0.8773028154358499 2.7011 0.018297217885639486 -0.8779391638806254 -0.4784224454833132 1.7401
-0.9992331013566939 0.0023764977726608537 -0.03908403013277252 -0.6402 0.03545122181920242 0.4787290079021821 -0.8772466858669332 2.7029 0.0166258841752443 -0.8779595031955225 -0.478446121025202 1.7401
-0.9992065057289824 0.0012570542921748785 -0.039809279362775674 -0.636 0.03554397514428648 0.4791404440757796 -0.8770182784194448 2.7038 0.01797177620101412 -0.8777373494761237 -0.4788049295849087 1.74
-0.9990984235791691 0.0005745994792447258 -0.04245008641990567 -0.6295 0.03757563016656065 0.4773440176998717 -0.8779127295943091 2.7059 0.01975884660613733 -0.8787163129256125 -0.4769352465264149 1.7399
-0.9990012817520835 0.0004416103817258925 -0.04467934688382487 -0.6244 0.039442960932310894 0.47852173779655094 -0.8771893748154165 2.7078 0.02099266277980466 -0.8780755955135298 -0.47806124782602255 1.7395
-0.998890460219726 -0.0010151666034545724 -0.047083095892167 -0.6192 0.0408838041009635 0.47752665482285617 -0.8776655447811124 2.7091 0.02337441003015482 -0.8786166760143241 -0.4769553161306437 1.7394
-0.9988069613336168 -0.0004957560674541429 -0.048830402593348046 -0.6121 0.04273532505188493 0.474982724190091 -0.8789568269907626 2.7113 0.023629345827098257 -0.8799949806373224 -0.474394865137579 1.7388
-0.9987253954441881 -0.001599291189856307 -0.05044825827062593 -0.6067 0.043541451705283375 0.4782347996006111 -0.8771519927779675 2.7131 0.025528934138467373 -0.8782305612529394 -0.47755560388618656 1.7381
-0.9986244699448752 -0.001903573915125318 -0.052397943028963535 -0.6015 0.04518237028312676 0.47580016809922876 -0.878392141046551 2.7146 0.026603034468181956 -0.8795513495203648 -0.4750596826862803 1.7372
-0.9985479944219208 -0.00017107715219527586 -0.05386904091004163 -0.5947 0.0472544777339376 0.47733021712756923 -0.8774524933869868 2.7165 0.02586343306779937 -0.8787239808663215 -0.476629046828235 1.7357
-0.9985644055988182 -0.0006286775481575586 -0.05356055111385065 -0.5897 0.04670841783717043 0.47923889096832534 -0.8764407618810285 2.718 0.026219297744738787 -0.8776842770313195 -0.4785215337660183 1.7346
-0.9985309924639914 -0.0007191036890019306 -0.05417877793713082 -0.5845 0.04716474195512623 0.4806561157658739 -0.8756398720325436 2.7197 0.0266710368224189 -0.876908878542547 -0.4799161119696544 1.733
-0.9984205576132691 -0.0019855789999468423 -0.05614666162154519 -0.5781 0.04815006072797464 0.48468490434412675 -0.8733625336324071 2.7217 0.028947569623401555 -0.8746865729945557 -0.48382376671256916 1.7311
-0.9984072115426347 -0.0033357320557106766 -0.05631973749329473 -0.5731 0.047736095259957395 0.48213255819041706 -0.8747968115751777 2.7232 0.030071666880859743 -0.8760919296651563 -0.48120538819363806 1.7301
-0.998495987789193 -0.0024126191754187294 -0.05477172297452999 -0.5686 0.04681698729245175 0.4823494752611291 -0.8747269021907194 2.7242 0.02852949473339242 -0.8759755493071872 -0.4815110641991828 1.7291
-0.9985280787827967 -0.0012128904441135735 -0.054223655161818186 -0.5624 0.04673894387267567 0.4879629443788566 -0.8716120903468376 2.726 0.02751630440310012 -0.8728635023930646 -0.48718801214942525 1.728
-0.998572046091729 -0.0013763534056821722 -0.05340388015379271 -0.5585 0.04589210698912208 0.48961220882291406 -0.8707317609273515 2.7263 0.02734562634640062 -0.8719392126879317 -0.4888499013980397 1.7278
-0.9985685485627027 -0.002095976746854203 -0.053445867032477584 -0.5544 0.045576404155469194 0.48962840213093295 -0.8707392372065051 2.7268 0.027993663669372712 -0.8719286867102066 -0.48883199576764613 1.7279
-0.998567192369485 -0.005714989528759585 -0.05320621409205386 -0.5488 0.04365410988536059 0.48805940971349776 -0.8717180342749762 2.7272 0.03094965288077018 -0.8727916999403682 -0.48711063168623364 1.7281
-0.998587794779441 -0.008165023278747019 -0.0524952237102723 -0.5449 0.04193451336022677 0.4855270564054824 -0.8732153079782039 2.7273 0.03261767476039606 -0.8741835104216311 -0.4844989962839344 1.7284
-0.9986016902665349 -0.009941433856021973 -0.051921403002096335 -0.5411 0.04060085762410374 0.484777078167398 -0.8736948865843657 2.7276 0.03385608596703132 -0.8745812440113079 -0.4836955789198678 1.7287
-0.9986679867464683 -0.01166783609496915 -0.05026046009157792 -0.5367 0.0384969830449813 0.4800810668066147 -0.87637899997105 2.7284 0.034354541827691196 -0.8771465276079499 -0.47899241597453895 1.7299
-0.9988689677521815 -0.009805066030112206 -0.046525755682595066 -0.5339 0.036254989314351144 0.4760250622218729 -0.8786840819580596 2.7282 0.03076298118693428 -0.8793770527008348 -0.47513117996158194 1.7312
-0.9989033469966462 -0.007005815302898368 -0.046292784652033916 -0.5313 0.03727058221368548 0.479444421144593 -0.8767804461407537 2.7281 0.02833737920752065 -0.8775442812674855 -0.47865752616498297 1.7321
-0.9986177690621449 -0.00647976006554286 -0.052159026283449504 -0.5277 0.04261105996367269 0.4811685785901176 -0.8755918550022825 2.7277 0.03077090967321037 -0.8766041362479753 -0.4802273830497635 1.733
-0.9984127737342523 -0.008384255684296443 -0.055692346879052876 -0.5251 0.044841757149501074 0.4799549355507471 -0.8761463785556745 2.7275 0.03407565201168683 -0.8772530787048276 -0.4788171737133913 1.7339
-0.9981422404167777 -0.010494664663635349 -0.06001608042327614 -0.5222 0.04763329651007135 0.4797764172571741 -0.8760968316958196 2.7273 0.03798864250481886 -0.8773280181650803 -0.4783852125465139 1.7348
-0.9979309115671602 -0.00632439030444161 -0.06398357465798088 -0.5179 0.05334479995675015 0.4740846223767604 -0.8788618225542958 2.7274 0.035891894019550404 -0.8804565707138322 -0.4727663260327748 1.7366
-0.9980812051354974 -0.0005092292526955242 -0.06191646502216945 -0.5145 0.054354927629035016 0.4717220411894884 -0.8800703708786389 2.728 0.02965551884077734 -0.8817471613459217 -0.47078922424020436 1.738
-0.9983451634141627 0.0034968418338400704 -0.057399536450546934 -0.5097 0.052349542736837854 0.46837583643371017 -0.8819770979000908 2.7278 0.023800421483506255 -0.8835224094171078 -0.4677838090346822 1.74
-0.998152860442542 0.0077983026394327325 -0.0602499266913676 -0.506 0.056917236168866375 0.4668198920241787 -0.8825189044079633 2.7278 0.021243714770934997 -0.8843180281360763 -0.46640146836845736 1.7407
-0.9978034174410974 0.008950971926481689 -0.06563703409234013 -0.5029 0.06224399924587226 0.46579131367679166 -0.882702745357195 2.7266 0.022672112842598898 -0.8848493274025926 -0.46532530889092244 1.7415
-0.9972589207270096 0.008239316993465546 -0.07353066493566218 -0.4979 0.06882372658987686 0.4681527250390964 -0.880963291344622 2.7255 0.0271650453465719 -0.8836091555059561 -0.4674365418079434 1.7416
-0.9970009184056094 0.008813893681262397 -0.07688617545792398 -0.4936 0.07203516172904269 0.46881583679891814 -0.880353705416863 2.7243 0.028286112724125446 -0.8832519609062329 -0.46804473010840797 1.7414
-0.9965789535632782 0.013655865196902123 -0.08151016292736404 -0.4876 0.07826992000184643 0.4726255983891207 -0.877780646500155 2.7226 0.02653693534728444 -0.8811575120788846 -0.4720775677463656 1.7411
-0.9960213816361035 0.015518261668284634 -0.08775301065206689 -0.4831 0.08447231305131328 0.4780908532028826 -0.8742388486057461 2.7215 0.028387244520524466 -0.8781732856552483 -0.4774995756123743 1.7408
-0.995600108150615 0.015488040151140837 -0.09241507053917342 -0.4777 0.08858449456814185 0.4770961769897717 -0.8743752199278357 2.7202 0.030548518337074792 -0.878714605838563 -0.4763690056179015 1.7404
-0.9948946292288274 0.016869611248071466 -0.09949921079070168 -0.4704 0.09527286809990854 0.48215982191281476 -0.8708874707658962 2.7186 0.033282988682673466 -0.8759208425133753 -0.4813054334983217 1.7399
-0.994119865501618 0.017927904646571367 -0.10679083879260878 -0.4642 0.10213418408289154 0.48289130164626426 -0.8697037422226601 2.7172 0.03597640138712507 -0.8754967624322552 -0.4818828877578787 1.7391
-0.9934583373308717 0.016367836803876573 -0.113016042693689 -0.4578 0.1067996631407729 0.4835365522801708 -0.8687843429540056 2.7158 0.04042726729322066 -0.8751711241393694 -0.4821214987239578 1.739
-0.9926778533751096 0.01899004302485053 -0.11928980545083695 -0.4483 0.11366969116098147 0.48095540863059283 -0.8693452111907826 2.7143 0.04086417416211049 -0.8765393734310477 -0.47959237493433415 1.7387
-0.9920057179892304 0.023012382903938533 -0.12407693464038422 -0.4406 0.11970017152887802 0.4829146354610883 -0.8674475913814284 2.7139 0.03995653153902178 -0.8753650010655938 -0.48180866585897403 1.7386
-0.9916969365541146 0.02336090527103169 -0.1264573213938298 -0.4324 0.12202560065726062 0.4812737192345873 -0.8680353448785035 2.713 0.04058249392803796 -0.8762590229372965 -0.4801283015065404 1.7388
-0.9914305743285862 0.0244507521583295 -0.1283260573904671 -0.4236 0.12443391855787495 0.4758101621484839 -0.8707013779181503 2.7122 0.03976953857944112 -0.8792080813522618 -0.47477524523299747 1.7392
-0.9915200998932233 0.026266090585452886 -0.12727130074407725 -0.4111 0.12451133325649423 0.4724604344160826 -0.8725125018027289 2.7112 0.03721316162895603 -0.8809604022864612 -0.4717244430860606 1.7392
-0.991790904364036 0.030371413826971096 -0.12421102705846523 -0.4008 0.12365534058471783 0.4751496854938362 -0.871172849163693 2.7105 0.03256007932492413 -0.8793806647847449 -0.47500472380503256 1.7388
-0.9917727607170259 0.03287573737705816 -0.123717326966127 -0.3873 0.12434534233137362 0.47703559947727586 -0.870043259080748 2.709 0.03041425554279409 -0.8782688783756777 -0.47719885827242586 1.7377
-0.9913291661728975 0.03023416401531459 -0.1278764232422948 -0.3775 0.12668739746480237 0.47825155268477837 -0.8690372579344303 2.708 0.034882482975594556 -0.8777023115389941 -0.47793500049751925 1.7368
-0.9908889214210579 0.02952333654279024 -0.13140592834569584 -0.3677 0.1292913151503935 0.48178365342793855 -0.8666996406577713 2.707 0.0377213630678245 -0.8757927174217707 -0.4812111957127518 1.7358
-0.9908206293071743 0.03280529792549951 -0.13114226232360926 -0.3548 0.1305761150539907 0.4833541121356039 -0.8656319543888205 2.7059 0.034990837611324974 -0.8748100449295384 -0.48320081392070996 1.7347
-0.990706404353775 0.03473145755599772 -0.131508730616833 -0.3454 0.1317924251363185 0.4842279827881591 -0.8649589686000131 2.7052 0.03363892164000955 -0.8742522442298598 -0.4843051067353628 1.7342
-0.9906252820684974 0.03664353877929582 -0.13160091790120887 -0.3361 0.13287224578005527 0.4821887230208752 -0.8659324463795446 2.7043 0.031725649371999586 -0.8753006834552504 -0.48253724904373635 1.7342
-0.9909034455193516 0.03853822114414822 -0.12893861783392238 -0.3237 0.13153845918441498 0.479739685036784 -0.8674949385190656 2.7033 0.028425260126647173 -0.8765641106683824 -0.4804449650843273 1.7344
-0.9910213714943246 0.04067915773585982 -0.12736501626195879 -0.3144 0.13116674688942315 0.48047846924020304 -0.8671422750085694 2.7025 0.025921530663793588 -0.8760625815103008 -0.48150018434633396 1.7346
-0.9910229000012861 0.04282821416338895 -0.12664657810069802 -0.3052 0.13152446513878138 0.48222347496060997 -0.8661188343794816 2.7016 0.023977630053839648 -0.8750007224388384 -0.48352746456485013 1.7345
-0.9905572366775109 0.042527155404649575 -0.1303372622046444 -0.2933 0.13447619625912313 0.486475753373339 -0.8632829744756465 2.6998 0.026692948609908847 -0.8726584569194473 -0.4876009680686429 1.7342
-0.9900824434279425 0.0414733565709635 -0.13422636071388094 -0.2846 0.13718342877427875 0.49140293454493267 -0.8600603832233881 2.6986 0.030289636602104673 -0.869944318112008 -0.49221887539909137 1.7342
-0.9893641086241204 0.04073032015444445 -0.1396413319419292 -0.276 0.14145133728144496 0.4932221050052098 -0.8583259720616175 2.6974 0.03391430004718513 -0.8689493634006219 -0.49373760652593923 1.7346
-0.9885506838313275 0.038146520318537144 -0.14598763127129055 -0.2646 0.1456983473254575 0.49291032329680967 -0.8577945003169843 2.6959 0.03923693519179601 -0.869243496481292 -0.49282472212920986 1.7352
-0.9884838153239818 0.040621874012507206 -0.14577246034232996 -0.2558 0.1468510207201399 0.4900447327041367 -0.8592385801757182 2.6951 0.03653114501349786 -0.8707502645998123 -0.4903666507251076 1.7357
-0.9885359427037322 0.04698759391537681 -0.14348817373180167 -0.2466 0.14790184009057883 0.49244854739814165 -0.8576826183753997 2.6944 0.030360100142537517 -0.8690722606225011 -0.4937526406368184 1.736
-0.9884306527018433 0.04678687090899004 -0.1442769333953064 -0.2338 0.14847647725395755 0.49275102645404617 -0.8574095646951572 2.6936 0.030977096404653612 -0.8689116264839765 -0.4939969684717786 1.7364
-0.9876979921302936 0.042082342444485346 -0.15060462408628583 -0.2242 0.1516877075378658 0.4918423464527942 -0.857369200296883 2.6937 0.037993627408991856 -0.8696667078198376 -0.4921750720893044 1.7367
-0.9864703981599395 0.03918017738586864 -0.15918877866916936 -0.2142 0.15767053457091706 0.49269753887661843 -0.8557973695408534 2.6939 0.044901626722104085 -0.8693181517056541 -0.49220909686105346 1.737
-0.9855635920268183 0.038710296780542004 -0.1648208694139115 -0.2003 0.16228684344014527 0.4933970073193251 -0.8545304989376141 2.6947 0.04824299449069353 -0.8689424066596683 -0.49255629870206186 1.7377
-0.985519228217471 0.03902159871552235 -0.16501262269088549 -0.1896 0.16278386555421795 0.49016026072728736 -0.8562968713705449 2.6956 0.04746855726547929 -0.8707584243849967 -0.48941444853384897 1.7385
-0.9848595399817318 0.03965227518033404 -0.16875835854853188 -0.1747 0.16646825401190832 0.48797120071935407 -0.8568386240563265 2.6975 0.04837361794613412 -0.8719586024241833 -0.4871839372816663 1.7398
-0.9843614897094369 0.03887736874042838 -0.17181678549210253 -0.1635 0.1691379447491847 0.4812211414031435 -0.8601270654459594 2.699 0.04924239253976351 -0.8757366974533365 -0.48027119787728606 1.7408
-0.9840453769225176 0.04202507346769836 -0.1728831667845503 -0.1515 0.17168942356144362 0.47915151370908704 -0.860776724097155 2.7009 0.04666302599017018 -0.8767255671590312 -0.4787220925496499 1.742
-0.9839718238482544 0.0458438836243817 -0.17233046221424225 -0.1351 0.17316849913914428 0.47634191602551634 -0.8620388912009925 2.7036 0.042569011952785646 -0.8780641875007628 -0.47664574040894303 1.743
-0.9837868651865267 0.048024923412879186 -0.17279181293583867 -0.1223 0.17467269729970158 0.4749975544163123 -0.8624771139668399 2.7053 0.04065529122406571 -0.8786756682813686 -0.4756849979406297 1.7434
-0.9830971769920741 0.04698337106125372 -0.1769533933948012 -0.1048 0.1780561305533914 0.4703161581194205 -0.8643487292662274 2.7075 0.04261402307419905 -0.881246432194485 -0.47073216459248113 1.7436
-0.9829163972057 0.0457843794868807 -0.17826706566039638 -0.0916 0.1790124214193221 0.46292543595426944 -0.8681328203242523 2.7091 0.042777436596385776 -0.8852140031323222 -0.46321297431817604 1.7433
-0.9828918094871664 0.05125091287098618 -0.17690967970389415 -0.0783 0.18036537719032664 0.46239690523998417 -0.868134455447701 2.7105 0.03730980506562634 -0.8851906269015594 -0.46373002112391776 1.7423
-0.983535041780213 0.05731395504736898 -0.17138824973499017 -0.0603 0.17835124351510706 0.4608090543159817 -0.8693939552337744 2.7123 0.02914885121252926 -0.8856467275484279 -0.4634438676428367 1.7404
-0.9831286804920949 0.060321044295291934 -0.17268285731072958 -0.0471 0.18095905251354183 0.4584448030882818 -0.870104697053606 2.7131 0.02667993454402716 -0.8866734089485665 -0.46162587336094424 1.7382
-0.982565049343564 0.05758981457461372 -0.17677482022545235 -0.0342 0.1832100503388533 0.46164512653392586 -0.8679388541840436 2.7134 0.03162279657642919 -0.8851933068006881 -0.4641473993592431 1.7354
-0.9816629309951975 0.056097342948021045 -0.18218391263799838 -0.0171 0.1873231080299948 0.46099289276573663 -0.8674074048666293 2.7134 0.035326238235914895 -0.8856289521767283 -0.46304796291361583 1.7312
-0.9806579355315719 0.056721049432320494 -0.1873305528477702 -0.0041 0.1920297551944492 0.46402419531672673 -0.8647578385193301 2.7135 0.03787593693778257 -0.884004676860909 -0.46594113865286096 1.7281
-0.9795347982131104 0.05467793912447974 -0.1937057099383 0.0088 0.19645933708906368 0.46899026424400536 -0.8610759902092635 2.7132 0.043764231515322743 -0.8815091916806299 -0.4701342755239566 1.7243
-0.9784191225773488 0.053544002141582475 -0.19957219347803087 0.0258 0.20062394559175714 0.4773452364713834 -0.8555066087841018 2.7128 0.04945758819600943 -0.8770829864116284 -0.477785916407226 1.7191
-0.9781264723925246 0.05111083399212425 -0.2016340414056765 0.0385 0.201283859534592 0.4770916909631589 -0.855493031125779 2.712 0.05247296347468092 -0.8773660587591384 -0.47694379861954556 1.7153
-0.9774652270696658 0.04948847425558388 -0.20521359795467098 0.0507 0.20345171422137853 0.4801009281397522 -0.8532939111348041 2.711 0.05629502509129425 -0.875816184889959 -0.4793504776619792 1.7113
-0.9772522692905635 0.04577766179984344 -0.20708067955891743 0.0661 0.20270331364947344 0.48874440980495326 -0.8485518655450184 2.7087 0.06236480419248566 -0.8712251761539878 -0.48690586732292085 1.7061
-0.9778740635326979 0.0484432183469414 -0.20350815823017948 0.0772 0.20084705130334027 0.48947466028770625 -0.8485723415943911 2.7061 0.05850451138846145 -0.870670897373069 -0.48837425261245326 1.7029
-0.9778815402161952 0.050358483424360445 -0.20300669065723048 0.0877 0.20119914817998225 0.4916979549019402 -0.8472024692580277 2.7031 0.0571541431223634 -0.8693084287480758 -0.49095443742927963 1.6995
-0.9780028015149967 0.05086921021584018 -0.2022939536437885 0.1008 0.20061916837270727 0.494948855382073 -0.8454451962353442 2.6981 0.05711803139343925 -0.8674318151924063 -0.49426670581958654 1.6946
-0.9781176675554069 0.05091036451685138 -0.20172744781197174 0.1107 0.20004686563793622 0.4965138306138228 -0.8446628129363962 2.6934 0.05715837615265115 -0.8665345641080622 -0.49583340875907367 1.6911
-0.9784513422089821 0.05431168889995243 -0.19920645415818125 0.1206 0.19949947046781263 0.4973730973850762 -0.8442866594235854 2.6884 0.05322529673475898 -0.8658349972404729 -0.4974905278908198 1.6875
-0.9788958063312583 0.06028378191486543 -0.1952661414201576 0.133 0.1986903803928859 0.5042584487224654 -0.8403841678847498 2.681 0.047803065659080296 -0.8614460415661876 -0.5055942883217135 1.6825
-0.9789791664937432 0.06073939061441677 -0.19470623513129956 0.1419 0.19836471671453684 0.5056163473526426 -0.8396448942574076 2.6745 0.047447136204171125 -0.8606177059052184 -0.5070364223095435 1.6788
-0.9787244110784489 0.05982038859204236 -0.19626524977142668 0.1509 0.1993833750466057 0.5030391041277918 -0.840950610602866 2.6675 0.04842310310345707 -0.8621909190121441 -0.5042638419109845 1.6754
-0.9783510495281088 0.05920652469643145 -0.19830232303384399 0.1623 0.2006206026735029 0.5065367709504155 -0.8385534410268954 2.6573 0.050799583366093054 -0.8601831706726756 -0.5074488301507197 1.671
-0.9772403281944672 0.06209326461512424 -0.20284419498670825 0.1704 0.2061195077566981 0.5040324118526208 -0.8387288455300471 2.6488 0.05016063668361899 -0.8614497978939141 -0.50535943271698 1.6681
-0.9766168935569463 0.06006183575748804 -0.20642678872816192 0.178 0.20799844798098777 0.5068009583117395 -0.8365939482758664 2.6398 0.05436992603159388 -0.8599682346108741 -0.5074431461785408 1.6653
-0.9760315700474755 0.05999304337863169 -0.20919657984018175 0.189 0.21039192097410941 0.5059419065609074 -0.8365154073741486 2.6279 0.055656211328871594 -0.8604787167220834 -0.5064373250549692 1.6625
-0.976387507136883 0.06308199301986099 -0.20661098243720022 0.1968 0.21001566782033043 0.5012255305486898 -0.8394440939074886 2.6178 0.05060489281683596 -0.8630142696866757 -0.5026385531773003 1.6608
-0.9765944210095334 0.06363815583856776 -0.20545929517673484 0.2043 0.2093726611857824 0.50002667395038 -0.8403192334381644 2.6073 0.0492587616677284 -0.863668634639227 -0.5016473501767706 1.6591
-0.9764688294833366 0.06348977026271375 -0.20610112595381502 0.2147 0.20999380832361686 0.4975242245300615 -0.8416485290615703 2.5928 0.049104231112874305 -0.8651235143479505 -0.4991493558135327 1.6566
-0.9770611721209467 0.06057144116529037 -0.20416308787046233 0.2219 0.2072071454074856 0.4917042092363172 -0.8457494720727703 2.5809 0.04915958528835923 -0.8686530211393086 -0.4929759264303165 1.6549
-0.976189773602518 0.06386417401030006 -0.2073038668038939 0.2315 0.21151564043291085 0.4922099697088404 -0.8443876358471137 2.565 0.04811091109218417 -0.868130585221604 -0.4939986105614827 1.6521
-0.9754036517700299 0.06842738011961112 -0.20953617769649457 0.2385 0.21576916075718156 0.49076905976199303 -0.8441501046890127 2.5531 0.04507089282266591 -0.8685985399655562 -0.49346245144881296 1.6502
-0.9752229424903925 0.06975490417781927 -0.20993919544364253 0.2451 0.21703512523846313 0.48548361325610717 -0.8468774502090131 2.5411 0.042848183778374016 -0.8714584984971676 -0.48859402221471854 1.6486
-0.9751133654015686 0.07182720635628302 -0.2097493195275711 0.2536 0.2181679663072516 0.47922890225448717 -0.8501425749374732 2.5244 0.039454569983527865 -0.8747459697940948 -0.48297290321135394 1.6463
-0.9741887458708057 0.07969949202680686 -0.21119724995685066 0.2598 0.2230694108698944 0.4832477244804921 -0.8465882557173738 2.5126 0.0345879365216506 -0.8718483972314774 -0.4885530133896206 1.6445
-0.9742964242529936 0.08589019805330683 -0.20825309497386685 0.2651 0.2235213363759333 0.4835503825395571 -0.846296189126812 2.5007 0.028012316443799326 -0.871092361018171 -0.4903197005049263 1.6431
-0.9750545034030882 0.09208353289355266 -0.20196370555918963 0.2713 0.22105488459464978 0.4851843456412033 -0.8460087994468872 2.4846 0.020086149212905635 -0.869549753444022 -0.4934366959349876 1.6412
-0.9738230131783422 0.096310033423298 -0.20589588744377066 0.2756 0.22646967842543012 0.48879031836941805 -0.8424936257457415 2.4733 0.019499327120106658 -0.8670688566257737 -0.49780656294542464 1.6398
-0.9721957818125327 0.09742136858813734 -0.21294233672131227 0.2805 0.23299596337190132 0.49336084562539917 -0.8380381596658895 2.4579 0.023414586870540183 -0.8643518687121614 -0.5023421186556792 1.638
-0.9708988629801552 0.09739652562625531 -0.21879057260260687 0.284 0.23796763027541587 0.49517887634137725 -0.8355652502147242 2.4466 0.026959317590498535 -0.863314425468048 -0.5039458284119727 1.6372
-0.969673890393957 0.10043647666591368 -0.22281171522876775 0.2871 0.24293034090671348 0.49599396018798053 -0.8336515104790443 2.435 0.02678424453286085 -0.8624978293375476 -0.505351460503304 1.6368
-0.9677096984210288 0.10461132386264281 -0.22933471281423368 0.2912 0.2505912739605986 0.49757689131613675 -0.8304343746756717 2.4204 0.02723881415711743 -0.8610886761233567 -0.5077246683542561 1.6366
-0.9664283143755538 0.10565412383527814 -0.2342082818557573 0.2943 0.2553120753009338 0.4972258540852087 -0.8292057610959812 2.4093 0.028845404811797343 -0.8611641284597465 -0.5075079176479999 1.6367
-0.9654854674607761 0.10592904936989751 -0.2379429524521304 0.2977 0.25882771493907564 0.4922330072136637 -0.8310925824412164 2.3986 0.029086527834438686 -0.8639940411304833 -0.5026611888633866 1.6373
-0.9630083633956628 0.10907127143646793 -0.24641093680524753 0.3022 0.26759074362738966 0.4949150498774635 -0.8267129413101797 2.3845 0.03178184945763815 -0.8620687624267687 -0.5057937948344482 1.6379
-0.9618732881727484 0.10648862241460574 -0.2519125856244279 0.3054 0.2711238241509618 0.4923068388502857 -0.8271190049799348 2.3738 0.035939525282111306 -0.8638831805964733 -0.5024084004124713 1.6382
-0.9599353136575376 0.10763240878241864 -0.25872660893866223 0.3093 0.2776067461357273 0.4911079780255725 -0.8256799915339887 2.364 0.038192775405029175 -0.8644236337001252 -0.5013113737065346 1.6387
-0.9592371123215079 0.10655706174012598 -0.26174368175450974 0.3143 0.2797448876225556 0.48940844699796776 -0.8259674145243754 2.3496 0.04008690801419883 -0.865520054418353 -0.4992675387059656 1.6386
-0.9584559716627072 0.10778982055359285 -0.2640899562064405 0.318 0.28234607738657114 0.49007768872194823 -0.8246845164069526 2.3389 0.040531999315500944 -0.8649885627000956 -0.500151920349718 1.6379
-0.9568294787621501 0.10909529316618363 -0.269398525572684 0.3215 0.2875385170363375 0.49055937290443263 -0.8226014240664511 2.3283 0.04241402824886502 -0.8645517443534504 -0.5007507678906846 1.6373
-0.955061955815707 0.1085400842224448 -0.27581825659383247 0.3265 0.2928694486104505 0.4888799656458922 -0.8217200650225611 2.3139 0.0456524547432811 -0.8655723131587885 -0.4986987307672406 1.6365
-0.9544319766357482 0.11002381971994168 -0.27740649067643064 0.3302 0.2950190811864013 0.4879677528714832 -0.821493282926578 2.3027 0.04498159302548507 -0.8658996658111082 -0.4981911531100294 1.6356
-0.9532605856486356 0.11193371910650071 -0.2806512041232099 0.334 0.2986909970288143 0.4892341173187278 -0.8194105605527051 2.2913 0.045584472605849885 -0.8649397788160471 -0.49980119535560763 1.6346
-0.9505840289663825 0.11451561262177516 -0.2885761222622196 0.3389 0.30682750870340053 0.48842324888858424 -0.8168840859314039 2.2757 0.04740130564556905 -0.8650600582681991 -0.4994238798977435 1.6333
-0.9488001735353442 0.11574828247149228 -0.2939057090364199 0.3428 0.31210754023349796 0.48683629975878695 -0.8158304361609514 2.2638 0.0486529960916748 -0.8657902473128654 -0.4980362774228715 1.6322
-0.947770705172377 0.11683162763863664 -0.29678453665978316 0.3468 0.3153042801018162 0.483529108373077 -0.8165677022178948 2.2518 0.0481030286627635 -0.8674963816289056 -0.4951122362598455 1.631
-0.946567962837989 0.12058749648226047 -0.2991115969347904 0.3525 0.319133671822411 0.4839741042364221 -0.8148145592327733 2.2368 0.046505819398064224 -0.8667339396381648 -0.49659791244166634 1.63
-0.9440289266204376 0.12352132678668641 -0.3058624977546639 0.357 0.32672473746378405 0.47773441952657497 -0.815488056521264 2.2245 0.045390876099569794 -0.8697771589484652 -0.49135258434086854 1.6292
-0.9420954297687615 0.12860044206135052 -0.3097065183531631 0.3623 0.33286193764321237 0.47078435690932857 -0.8170465223950691 2.213 0.04073244010882604 -0.8728253064566216 -0.4863299833772186 1.6286
-0.9395433518258136 0.13437704360056532 -0.31496206151390327 0.3699 0.34065074871714973 0.4604228736109568 -0.8197364484114847 2.1974 0.03486197697149959 -0.8774699924265225 -0.4783628904426407 1.6283
-0.9376755294502473 0.1355448233634164 -0.31998781590801006 0.3756 0.34583425104859533 0.4543406802721361 -0.8209587182383226 2.1865 0.034106777506170166 -0.880455647440138 -0.472900180396362 1.6282
-0.9354494675703601 0.13869705266803034 -0.3251113981445919 0.3812 0.3522653227787627 0.4414017588777558 -0.8252718519537653 2.1757 0.02904196945635487 -0.8865255861174143 -0.46176720235338375 1.629
-0.9335526276446235 0.1423688773762909 -0.3289537872899982 0.3885 0.3577639164455153 0.42645323332405516 -0.8307482289340286 2.1618 0.022010713468333665 -0.8932349873029345 -0.44905098368731056 1.6297
-0.9320873118507901 0.14936338904366858 -0.33000578949490905 0.3937 0.3618114040560582 0.42786593222072256 -0.8282652062835165 2.1511 0.017485736523015438 -0.8914153476681239 -0.4528497841006064 1.63
-0.9289012081812063 0.157077657242932 -0.3353642125131526 0.3983 0.37001810232750176 0.4306893902888329 -0.8231605268977538 2.1403 0.015137681112027596 -0.8887256374650756 -0.4581894716412035 1.6301
-0.9252365372415751 0.15509899289813978 -0.34623929955336114 0.4041 0.37877331170919715 0.4296767487461568 -0.8197003537414018 2.1256 0.02163627717669453 -0.8895629230070883 -0.4562999863259022 1.6305
-0.9218696812282994 0.15466335102647216 -0.35529640960935116 0.4084 0.38663421746760723 0.4283842278076493 -0.8167012521411089 2.1149 0.025889625629672564 -0.8902618722684389 -0.4547125752273069 1.6308
-0.9189404757841596 0.15893841254790847 -0.3609528819421357 0.414 0.3936279760435391 0.4267009271352898 -0.8142378861596599 2.1007 0.02460525231428315 -0.8903173028750117 -0.4546753586460514 1.6314
-0.917035943156077 0.16458009258710193 -0.36326088708236315 0.4179 0.39821081708434447 0.4275679854968432 -0.8115502220658868 2.0901 0.02175371501291548 -0.8888751379705657 -0.4576327839883683 1.6317
-0.9119513967383257 0.16879639246033923 -0.3739684851419868 0.4257 0.40957612497070656 0.42856810831035647 -0.8053426440921052 2.0652 0.024332033227772637 -0.8876019121383516 -0.4599682573040718 1.6326
-0.9084618126230243 0.17274684728023462 -0.3805990827109661 0.4283 0.41700620018069123 0.43633976381336503 -0.7973163986311571 2.0544 0.028336619709323135 -0.8830436780080793 -0.4684345191309166 1.633
-0.9059918195220391 0.17062581215451447 -0.3873830858281725 0.4308 0.4221971064009684 0.4301244115231637 -0.7979615241090898 2.0436 0.030470088706702286 -0.8864986310415062 -0.4617269223856686 1.6334
-0.9033612475089272 0.1705884799716413 -0.3934946340168815 0.4341 0.42782090798125283 0.4228800427941283 -0.7988377432874167 2.0292 0.030128511300942074 -0.88998429194419 -0.45499476139774164 1.6347
-0.9003917606943034 0.17462236668891787 -0.3984993178485673 0.4366 0.43409873355105744 0.42204630989670233 -0.7958864252089899 2.0185 0.02920559540876469 -0.8895976289056406 -0.4558103682917729 1.6355
-0.8973066119843185 0.1763437130223435 -0.40465261517345563 0.4392 0.4404644375904525 0.4176128752095826 -0.7947267238977885 2.0038 0.028843080753444744 -0.8913486306360036 -0.45239992855433936 1.6365
-0.8938651246034534 0.1774491255442754 -0.41172435786728157 0.4407 0.4474204038635716 0.41172435786728145 -0.7939131157408433 1.9924 0.028637758714881556 -0.8938651246034534 -0.4474204038635715 1.6373
-0.889907813733749 0.18108760702981974 -0.4186542268218877 0.4429 0.4553882845371978 0.4053961475290279 -0.7926382995256354 1.9767 0.026183837799054338 -0.8960252463791611 -0.44323037405989746 1.6378
-0.8870203540467391 0.1833441419402387 -0.42376858911792314 0.4443 0.4609253284257554 0.4057756713647996 -0.7892363056423948 1.9647 0.027253130506550316 -0.8953943433731553 -0.44443923851630057 1.6375
-0.8828945374730478 0.18630345033572862 -0.43103162307800075 0.4465 0.46875323303619376 0.4038408917513002 -0.7856099163501125 1.9479 0.02770635700284102 -0.8956581705888231 -0.44387926200613814 1.637
-0.8774622269447677 0.19195598997826624 -0.439559936978557 0.4484 0.4787573699739286 0.4062637425454604 -0.778293744153583 1.9358 0.029179118917062763 -0.8933659213359438 -0.4483814331735919 1.6362
-0.8755338280389012 0.1934047271549801 -0.4427585430837617 0.45 0.48222946050523063 0.40654819326979685 -0.7759982693085713 1.9229 0.029920952197109857 -0.89292394864466 -0.4492121531709117 1.6356
-0.8731809817021448 0.194624670620504 -0.44685144150997136 0.4518 0.48647885856373696 0.40423891699431724 -0.7745509784112247 1.9055 0.029888013721266593 -0.8937069629208011 -0.4476545219951157 1.6349
-0.8711367471842019 0.19603222805190215 -0.45021343079736603 0.4534 0.4900503933396605 0.40526630182347506 -0.7717576281410945 1.8921 0.03116696476995745 -0.8929336986424752 -0.4491080383779578 1.6337
-0.8674040290850695 0.1971429868044111 -0.4568860832645527 0.4548 0.49645652945113194 0.4051912046047807 -0.767691996881734 1.8787 0.03378112923401652 -0.8927232104436194 -0.44933740645856773 1.6328
-0.8644484766542333 0.19736384352519548 -0.4623595402704887 0.4562 0.5013506516237136 0.40632115679037917 -0.7639048642736906 1.8618 0.03709926315512452 -0.8921606530292009 -0.4501921965781466 1.6326
-0.862540167224225 0.19999408543320712 -0.4647868605248441 0.4572 0.5047582509831918 0.40411233608516706 -0.7628317821696853 1.8493 0.03526425937397579 -0.8925780557550831 -0.44951178671452086 1.6321
-0.8594461753236461 0.20830922019433523 -0.46686137182635346 0.4584 0.5104407466797871 0.400264647013146 -0.7610771685449664 1.8371 0.0283287107108339 -0.8924099288631149 -0.4503354338889983 1.6315
-0.8564627985201619 0.21917675943250442 -0.46736818770181415 0.4601 0.5158809047197717 0.39567688810440615 -0.7598070099476069 1.821 0.01839475187443268 -0.8918527615838161 -0.4519516398452369 1.6306
-0.854324918151159 0.22496793882262445 -0.46852786547644676 0.4612 0.5195357454114863 0.39487463367886694 -0.7577312405574366 1.809 0.014544533878636662 -0.8907656539061666 -0.4542301248875648 1.6294
-0.8462244788619449 0.23508423306219756 -0.4781626655651698 0.464 0.5326361208615176 0.3972131134999657 -0.7473422945459853 1.7817 0.014244091000297998 -0.8871060510611017 -0.4613458139425928 1.6265
-0.8439534889418514 0.23957019885532824 -0.47994648485356667 0.4654 0.5362475468516278 0.39924652201797367 -0.74366711850946 1.7702 0.013456485369058357 -0.884990584400179 -0.465414426639895 1.6252
-0.8396806264965471 0.2540664693039247 -0.47998611923867557 0.468 0.5430516088217949 0.4019211559237592 -0.7372613746677426 1.7482 0.005603181455776429 -0.8797213272374083 -0.4754566129114479 1.6223
-0.8379955679470726 0.2582922234604872 -0.48067510378726785 0.4689 0.5456603325942778 0.40353927606468704 -0.7344459504322223 1.7371 0.004269605855942854 -0.8777477883612272 -0.47910394539474294 1.6208
-0.8335599959912119 0.26217353872285454 -0.4862538109636433 0.4703 0.5523965138583886 0.4051071727806251 -0.7285233490004198 1.723 0.00598536216362075 -0.8758728298989668 -0.4825048821354511 1.619
-0.8302570228565374 0.2661919519535856 -0.48970922057128863 0.4714 0.5573626472968717 0.40357509059778574 -0.7255852986708125 1.7125 0.0044894760966199265 -0.8753679174862012 -0.4834365042487472 1.618
-0.8300625817418739 0.26643306090983754 -0.48990767951342673 0.4721 0.5576543223123255 0.40320015700559636 -0.7255696315289415 1.7017 0.004215115466582209 -0.8754673365950769 -0.4832589113060679 1.6168
-0.8264886894678786 0.27378976753360906 -0.49188983459262536 0.474 0.5629524541314266 0.4034953199973753 -0.7213016436468302 1.688 0.0009902368767316372 -0.8730582397149158 -0.4876149397801711 1.6148
-0.8230483024385755 0.27407481652110965 -0.4974680761635857 0.4753 0.5679539221591883 0.40401790002247107 -0.7170759225949698 1.6779 0.004453555542908799 -0.8727270658174596 -0.488188113776517 1.6131
-0.8186800268409643 0.2717917957814652 -0.5058579181920195 0.4766 0.5741251938528267 0.405757743085337 -0.7111546355819862 1.6678 0.01196977172429936 -0.8726338714903175 -0.4882282774406745 1.6113
-0.8144278776010594 0.2677618970299496 -0.5147919955527249 0.4779 0.5798611128471267 0.40864104022432524 -0.7048216725187112 1.6547 0.02164074846038974 -0.872534278262639 -0.48807336668043066 1.6084
-0.81030974252089 0.2707142246492862 -0.5197229355611167 0.4796 0.5855449850208749 0.40905849189377025 -0.6998630013984863 1.6451 0.023134210438919972 -0.871426966981244 -0.48997943785962855 1.6062
-0.8032143433606872 0.2780604034696154 -0.5268103364987955 0.4825 0.5952841223650818 0.4073201950734234 -0.6926233264519627 1.6327 0.021989367423685346 -0.8699268191679473 -0.49269036626733737 1.6031
-0.7986849876292771 0.2769016483160269 -0.5342544035340173 0.4848 0.6011376578930807 0.4071721581950499 -0.6876367862859043 1.6237 0.027125758946852485 -0.8703656190076974 -0.49165829846642944 1.601
-0.7929501255579485 0.27307450104933695 -0.5446654158786743 0.4872 0.6082295516787517 0.4074069814969208 -0.6812315053579308 1.6148 0.035873539584190095 -0.8714642094224083 -0.48914539847930527 1.5988
-0.7863772686734067 0.2663658511946603 -0.5573688407429112 0.4914 0.616089817126142 0.4042035873579024 -0.6760568002767811 1.6029 0.045212039848136876 -0.8750249672348478 -0.4819618015656673 1.5958
-0.7802773739526202 0.260631712229424 -0.5685405265044543 0.4947 0.6234383845827525 0.3966741748414096 -0.6737760604553528 1.5938 0.049917935919380485 -0.8801822024980089 -0.47200369710342643 1.5934
-0.7730590589516626 0.2562130951308004 -0.580288325969311 0.4984 0.6318501239724782 0.39189980337138086 -0.6687151598053067 1.5851 0.05608129999147532 -0.883611562849292 -0.46484996911938986 1.5905
