-0.9995793154019174 -0.014191935117850838 -0.025293896462288332 -0.6832 0.01522598642003157 0.48549051641134444 -0.8741093340150207 2.6909 0.02468524980978042 -0.8741267342052047 -0.48507019181719657 1.7373
-0.9995801448822021 -0.014133396558463573 -0.025293884798884392 -0.6832777261734009 0.015254408121109009 0.4854896068572998 -0.8741093277931213 2.69088077545166 0.02463405206799507 -0.8741282224655151 -0.4850701689720154 1.7373385429382324
-0.9995841383934021 -0.013846227899193764 -0.02529425360262394 -0.6831754446029663 0.015394210815429688 0.4854850471019745 -0.8741093873977661 2.6912214756011963 0.024383099749684334 -0.8741353750228882 -0.48506999015808105 1.7367188930511475
-0.9995757937431335 -0.014435842633247375 -0.025293951854109764 -0.6827476620674133 0.015107568353414536 0.4854942560195923 -0.8741092681884766 2.6909499168395996 0.024898571893572807 -0.8741207122802734 -0.48507019877433777 1.7371864318847656
-0.9995565414428711 -0.015713337808847427 -0.025293875485658646 -0.6823464632034302 0.014487004838883877 0.4855131208896637 -0.8741092681884766 2.690197229385376 0.02601568214595318 -0.8740882277488708 -0.485070139169693 1.7385214567184448
-0.9995622634887695 -0.015346058644354343 -0.025293905287981033 -0.6822026968002319 0.014665425755083561 0.4855078160762787 -0.8741092085838318 2.690732479095459 0.02569452114403248 -0.8740977048873901 -0.48507019877433777 1.7375494241714478
-0.9995573163032532 -0.015665624290704727 -0.025293927639722824 -0.6819193363189697 0.01451022457331419 0.48551249504089355 -0.8741092085838318 2.6902852058410645 0.025973984971642494 -0.8740894198417664 -0.48507022857666016 1.7383403778076172
-0.999411940574646 -0.019515931606292725 -0.028195101767778397 -0.674947202205658 0.015224813483655453 0.4842086136341095 -0.8748199939727783 2.6927218437194824 0.03072524070739746 -0.8747349381446838 -0.48362672328948975 1.7395224571228027
-0.9994030594825745 -0.01972065679728985 -0.028367910534143448 -0.6749706268310547 0.015232651494443417 0.4854595959186554 -0.8741262555122375 2.6910088062286377 0.031009819358587265 -0.8740366697311401 -0.4848693609237671 1.7398853302001953
-0.9993305206298828 -0.01960509829223156 -0.030890798196196556 -0.6691164374351501 0.017435085028409958 0.4870980679988861 -0.8731731176376343 2.689798593521118 0.032165493816137314 -0.8731272220611572 -0.4864301085472107 1.7446095943450928
-0.9993444681167603 -0.020729495212435722 -0.029681889340281487 -0.6712056398391724 0.01585491932928562 0.4864676296710968 -0.8735546469688416 2.6895945072174072 0.03254762664437294 -0.8734526634216309 -0.4858200252056122 1.743345022201538
-0.9993103742599487 -0.01995610073208809 -0.03131434693932533 -0.666822612285614 0.01772134192287922 0.48476916551589966 -0.8744624853134155 2.6926653385162354 0.03263109177350998 -0.8744144439697266 -0.4840811789035797 1.7393635511398315
-0.9993016123771667 -0.018836738541722298 -0.0322735458612442 -0.6650106310844421 0.019138025119900703 0.4838132858276367 -0.8749618530273438 2.693408489227295 0.03209579735994339 -0.8749685287475586 -0.4831148386001587 1.7393178939819336
-0.9992643594741821 -0.020185763016343117 -0.03260998800396919 -0.6661459803581238 0.018764793872833252 0.4842221736907959 -0.8747437000274658 2.6917665004730225 0.03344784677028656 -0.8747122287750244 -0.4834871292114258 1.7401859760284424
-0.9992638230323792 -0.018352404236793518 -0.0336918942630291 -0.6639100313186646 0.020528968423604965 0.4861098825931549 -0.8736563920974731 2.692549705505371 0.03241165727376938 -0.8737049698829651 -0.48537522554397583 1.7433161735534668
-0.9993171691894531 -0.01486978679895401 -0.03382578492164612 -0.662242591381073 0.02235996350646019 0.48544320464134216 -0.8739820718765259 2.693476915359497 0.02941642329096794 -0.8741417527198792 -0.4847792088985443 1.7413984537124634
-0.9992519617080688 -0.011257337406277657 -0.036998450756073 -0.6520689725875854 0.026908989995718002 0.4847380816936493 -0.8742451667785645 2.693565607070923 0.02777623012661934 -0.8745869398117065 -0.4840725362300873 1.7449040412902832
-0.9995104670524597 -0.006577735301107168 -0.03058929368853569 -0.6613242626190186 0.023659244179725647 0.4808691442012787 -0.8764729499816895 2.694628953933716 0.02047465369105339 -0.8767677545547485 -0.48047807812690735 1.7332038879394531
-0.9993970394134521 -0.006293301936239004 -0.03414750099182129 -0.6535971164703369 0.026745429262518883 0.48764538764953613 -0.872631847858429 2.689729690551758 0.022143607959151268 -0.8730191588401794 -0.48718300461769104 1.7512966394424438
-0.9994347095489502 -0.014461149461567402 -0.030352571979165077 -0.6705008745193481 0.019428623840212822 0.4883752763271332 -0.8724172115325928 2.688636302947998 0.027439603582024574 -0.8725139498710632 -0.48781818151474 1.7512609958648682
-0.9992645382881165 -0.0068318466655910015 -0.03773403540253639 -0.6500424146652222 0.029815703630447388 0.4803887903690338 -0.8765485286712646 2.699394941329956 0.02411545440554619 -0.8770291209220886 -0.479831725358963 1.739085078239441
-0.9992620348930359 -0.004980364814400673 -0.03808816522359848 -0.6468909382820129 0.031000301241874695 0.48095425963401794 -0.8761972784996033 2.6996588706970215 0.022682448849081993 -0.8767316341400146 -0.48044487833976746 1.740907907485962
-0.9992225766181946 -0.0032337794546037912 -0.03929297626018524 -0.638493001461029 0.03289336711168289 0.48105889558792114 -0.8760707974433899 2.6978538036346436 0.021735256537795067 -0.8766824007034302 -0.4805784821510315 1.7427996397018433
-0.9991571307182312 -0.0016981876688078046 -0.04101648926734924 -0.6307680606842041 0.03512398153543472 0.48182183504104614 -0.8755648136138916 2.6972787380218506 0.02124951407313347 -0.8762676119804382 -0.48135602474212646 1.744292140007019
-0.9991971254348755 -0.0015927036292850971 -0.04003478214144707 -0.6334162950515747 0.03436959534883499 0.47948041558265686 -0.876879096031189 2.7036619186401367 0.020592503249645233 -0.8775511980056763 -0.47904065251350403 1.7401546239852905
-0.9991163015365601 -0.0025909775868058205 -0.041953347623348236 -0.6278330683708191 0.03561191260814667 0.4780356287956238 -0.8776180148124695 2.7055258750915527 0.02232908457517624 -0.8783366680145264 -0.4775208830833435 1.7394509315490723
-0.9990473985671997 -0.0036395941860973835 -0.04348762705922127 -0.6229720115661621 0.03645467013120651 0.47819045186042786 -0.8774990439414978 2.7069337368011475 0.023989111185073853 -0.8782486915588379 -0.4776022136211395 1.7392953634262085
-0.9988904595375061 -0.005063154734671116 -0.04682290926575661 -0.6159191727638245 0.03871946409344673 0.4776955842971802 -0.8776715397834778 2.707759141921997 0.026810888200998306 -0.8785108923912048 -0.47696948051452637 1.741214394569397
-0.9987787008285522 -0.004122080747038126 -0.04923735931515694 -0.6100757718086243 0.04138193652033806 0.47470250725746155 -0.879172682762146 2.7115390300750732 0.026997122913599014 -0.8801367282867432 -0.47395214438438416 1.7382214069366455
-0.998730480670929 -0.00502739055082202 -0.050123874098062515 -0.6060843467712402 0.041684843599796295 0.47620826959609985 -0.8783436417579651 2.7136950492858887 0.028285184875130653 -0.8793182373046875 -0.4753940999507904 1.736918330192566
-0.9986356496810913 -0.004918685648590326 -0.051989585161209106 -0.6000849008560181 0.04338085651397705 0.47610214352607727 -0.8783190250396729 2.7144546508789062 0.029072534292936325 -0.8793762922286987 -0.4752391576766968 1.7364273071289062
-0.9985873699188232 -0.003627218073233962 -0.05301295220851898 -0.5956354737281799 0.0449325330555439 0.47493231296539307 -0.8788741827011108 2.7182061672210693 0.02836543880403042 -0.8800148963928223 -0.4740983843803406 1.731221079826355
-0.9985904693603516 -0.004010230302810669 -0.05292646586894989 -0.5921560525894165 0.04461781680583954 0.4766785502433777 -0.8779443502426147 2.7198333740234375 0.028749676421284676 -0.8790685534477234 -0.475827693939209 1.7297879457473755
-0.9985588788986206 -0.004373730160295963 -0.053490929305553436 -0.5878600478172302 0.0449056439101696 0.4777399003505707 -0.8773525953292847 2.7222187519073486 0.02939206175506115 -0.8784904479980469 -0.47685495018959045 1.727311134338379
-0.9985278248786926 -0.005447330418974161 -0.053969744592905045 -0.5840842723846436 0.04473888501524925 0.4799034595489502 -0.876179575920105 2.724050760269165 0.030673114582896233 -0.8773043751716614 -0.47895318269729614 1.7242156267166138
-0.9984122514724731 -0.005831875838339329 -0.056027982383966446 -0.5737810730934143 0.046258002519607544 0.4827116131782532 -0.8745566010475159 2.7224977016448975 0.0321456715464592 -0.8757598996162415 -0.481675386428833 1.730706810951233
-0.9985930919647217 -0.00479913828894496 -0.05281103774905205 -0.5725271701812744 0.0439755842089653 0.4815957546234131 -0.8752892017364502 2.725717067718506 0.02963421493768692 -0.8763802647590637 -0.4807071089744568 1.7250697612762451
-0.9986504316329956 -0.004387847613543272 -0.051752038300037384 -0.5628072023391724 0.04303508251905441 0.4879471957683563 -0.8718113303184509 2.727926015853882 0.029077645391225815 -0.8728620409965515 -0.4870997965335846 1.72465980052948
-0.9986470937728882 -0.004319379571825266 -0.05182232707738876 -0.5623286962509155 0.04312823712825775 0.48799416422843933 -0.8717804551124573 2.7278575897216797 0.02905455231666565 -0.8728361129760742 -0.48714759945869446 1.7247833013534546
-0.9986444115638733 -0.004310842137783766 -0.05187470465898514 -0.5620251297950745 0.04317891225218773 0.4879704415798187 -0.8717912435531616 2.727861166000366 0.029071487486362457 -0.8728494048118591 -0.4871227741241455 1.7247048616409302
-0.998599112033844 -0.008217868395149708 -0.05227397382259369 -0.5514605641365051 0.041623588651418686 0.4879870116710663 -0.8718575835227966 2.7274067401885986 0.03267384320497513 -0.8728120923042297 -0.4869612753391266 1.7289705276489258
-0.9985880851745605 -0.010568139143288136 -0.05206180736422539 -0.5464521646499634 0.0403292216360569 0.4870866537094116 -0.8724216818809509 2.725689172744751 0.03457849845290184 -0.8732895851135254 -0.48597267270088196 1.73236882686615
-0.9986915588378906 -0.013182920403778553 -0.04941266402602196 -0.5469436645507812 0.0368456169962883 0.48457109928131104 -0.8739752173423767 2.7280094623565674 0.035465508699417114 -0.8746524453163147 -0.4834512770175934 1.729021430015564
-0.9987631440162659 -0.013891760259866714 -0.04774344712495804 -0.5408235788345337 0.03494095802307129 0.4870694875717163 -0.872663676738739 2.720933437347412 0.035377223044633865 -0.8732526302337646 -0.4859815835952759 1.7417086362838745
-0.9989036321640015 -0.012878349050879478 -0.04501037672162056 -0.5355930328369141 0.03310642018914223 0.48547208309173584 -0.8736248016357422 2.7160284519195557 0.033102139830589294 -0.874157190322876 -0.48451340198516846 1.748863697052002
-0.9990634322166443 -0.01001520361751318 -0.042097799479961395 -0.5409783124923706 0.03220915049314499 0.47757184505462646 -0.8780018091201782 2.7301013469696045 0.028898101300001144 -0.8785355091094971 -0.47680190205574036 1.727158546447754
-0.9988652467727661 -0.008950430899858475 -0.046780046075582504 -0.5327450633049011 0.03646193817257881 0.48821792006492615 -0.8719594478607178 2.7171475887298584 0.030643280595541 -0.8726757764816284 -0.48733747005462646 1.74884033203125
-0.9984655976295471 -0.011660084128379822 -0.05413626506924629 -0.5256626009941101 0.0417381152510643 0.48403486609458923 -0.8740524649620056 2.7217304706573486 0.03639537841081619 -0.8749709129333496 -0.48280540108680725 1.7416133880615234
-0.9982593059539795 -0.013468943536281586 -0.05742146819829941 -0.5276312828063965 0.043893348425626755 0.48064348101615906 -0.8758166432380676 2.7268478870391846 0.039395593106746674 -0.8768125176429749 -0.479215532541275 1.7365427017211914
-0.9982599020004272 -0.013505110517144203 -0.05740298703312874 -0.5278357267379761 0.04385652765631676 0.48071610927581787 -0.8757786154747009 2.7268166542053223 0.03942204266786575 -0.8767721652984619 -0.47928720712661743 1.73671555519104
-0.9982126951217651 -0.003385151270776987 -0.05966835096478462 -0.5178672075271606 0.050953980535268784 0.473548948764801 -0.8792921304702759 2.7267849445343018 0.031232431530952454 -0.880760908126831 -0.47252994775772095 1.7410768270492554
-0.9984378218650818 0.00023105143918655813 -0.05587666109204292 -0.5157995820045471 0.049454957246780396 0.46911585330963135 -0.8817505836486816 2.728269577026367 0.026008905842900276 -0.883136510848999 -0.46839430928230286 1.7398831844329834
-0.9984274506568909 0.0031997652258723974 -0.05597030371427536 -0.5144045352935791 0.0509960800409317 0.4665527641773224 -0.8830217719078064 2.7275476455688477 0.023287642747163773 -0.884487509727478 -0.4659821391105652 1.7395333051681519
-0.9980885982513428 0.003891842206940055 -0.06167862191796303 -0.5114383101463318 0.056383103132247925 0.4659883677959442 -0.8829922676086426 2.7251274585723877 0.02530505880713463 -0.8847821950912476 -0.4653169810771942 1.7412126064300537
-0.997593104839325 0.004407675936818123 -0.06920133531093597 -0.5039680004119873 0.06334742903709412 0.4638199508190155 -0.8836615085601807 2.7284445762634277 0.02820207178592682 -0.8859184384346008 -0.4629826843738556 1.7341985702514648
-0.9972212314605713 0.005154001992195845 -0.07432066649198532 -0.49606627225875854 0.06810091435909271 0.4675450921058655 -0.881341814994812 2.725825786590576 0.030205832794308662 -0.8839541077613831 -0.466596782207489 1.7363452911376953
-0.9971988797187805 0.007461516186594963 -0.0744246318936348 -0.5001341700553894 0.06922861933708191 0.4688204526901245 -0.8805761337280273 2.725093126296997 0.028321361169219017 -0.8832618594169617 -0.4680236876010895 1.7320796251296997
-0.9964384436607361 0.011224541813135147 -0.08357498794794083 -0.48876532912254333 0.07888326048851013 0.47435611486434937 -0.8767914772033691 2.7235679626464844 0.029802730306982994 -0.8802613615989685 -0.47355198860168457 1.7352756261825562
-0.9958950877189636 0.01128748245537281 -0.0898103341460228 -0.48079878091812134 0.08423261344432831 0.4788138270378113 -0.8738660216331482 2.7182207107543945 0.0331386923789978 -0.8778437972068787 -0.4777989983558655 1.7429081201553345
-0.9952530264854431 0.012538671493530273 -0.09651197493076324 -0.47334107756614685 0.09079163521528244 0.4767809510231018 -0.8743205666542053 2.7212891578674316 0.035052262246608734 -0.8789325952529907 -0.4756559729576111 1.7322462797164917
-0.994442343711853 0.013827827759087086 -0.10437212884426117 -0.4636888802051544 0.09821805357933044 0.4788958728313446 -0.8723598122596741 2.7194747924804688 0.03792055323719978 -0.8777626752853394 -0.4775923788547516 1.7315644025802612
-0.9934471845626831 0.014080113731324673 -0.11342313885688782 -0.4537935256958008 0.10613113641738892 0.481944739818573 -0.8697500228881836 2.7166213989257812 0.04241752251982689 -0.8760883808135986 -0.48028087615966797 1.7351082563400269
-0.9927874207496643 0.016335168853402138 -0.11877133697271347 -0.4450366795063019 0.1119416281580925 0.481000155210495 -0.8695444464683533 2.71541166305542 0.04292489215731621 -0.8765681982040405 -0.47935938835144043 1.7350752353668213
-0.9922410845756531 0.01855933666229248 -0.12293686717748642 -0.4360962212085724 0.11664373427629471 0.4812317192554474 -0.8687979578971863 2.7138702869415283 0.043036822229623795 -0.8763968348503113 -0.47966262698173523 1.736386775970459
-0.9915958642959595 0.01992603950202465 -0.1278316080570221 -0.42419588565826416 0.12166854739189148 0.47955361008644104 -0.8690366744995117 2.7123947143554688 0.04398566856980324 -0.8772861957550049 -0.4779476523399353 1.738707423210144
-0.9912077188491821 0.021342629566788673 -0.13058364391326904 -0.4128095805644989 0.1249171644449234 0.4763403832912445 -0.8703420162200928 2.71036958694458 0.04362689331173897 -0.879001796245575 -0.47481822967529297 1.7416895627975464
-0.9914637804031372 0.025201836600899696 -0.12792468070983887 -0.4052252769470215 0.12461306899785995 0.4718147814273834 -0.8728471398353577 2.7125704288482666 0.03835941478610039 -0.8813373446464539 -0.4709276556968689 1.7382440567016602
-0.991872251033783 0.028329400345683098 -0.12404487282037735 -0.39860042929649353 0.12263214588165283 0.47279080748558044 -0.8725995421409607 2.7135400772094727 0.0339270643889904 -0.8807190656661987 -0.4724220931529999 1.7335773706436157
-0.9921292662620544 0.02907129004597664 -0.12179751694202423 -0.39154863357543945 0.12093648314476013 0.4746611714363098 -0.8718204498291016 2.7117316722869873 0.032467618584632874 -0.8796882629394531 -0.47444093227386475 1.7323272228240967
-0.9918106198310852 0.026972489431500435 -0.12483767420053482 -0.3826543986797333 0.12256656587123871 0.47581958770751953 -0.8709608912467957 2.711207866668701 0.03590824082493782 -0.8791291117668152 -0.47522875666618347 1.7298848628997803
-0.9913389086723328 0.027817850932478905 -0.1283494085073471 -0.3706927001476288 0.12596110999584198 0.47796574234962463 -0.8692998886108398 2.710306406021118 0.037164583802223206 -0.8779377341270447 -0.47732993960380554 1.7303416728973389
-0.9912710189819336 0.029477257281541824 -0.1285034567117691 -0.3614608645439148 0.1268003284931183 0.48009252548217773 -0.8680049777030945 2.709554672241211 0.03610716015100479 -0.8767223358154297 -0.47963947057724 1.7283004522323608
-0.9911671876907349 0.03208967298269272 -0.12867861986160278 -0.35056930780410767 0.12810778617858887 0.48260387778282166 -0.8664188981056213 2.7068440914154053 0.03429771959781647 -0.8752505779266357 -0.48245200514793396 1.7311863899230957
-0.9911009669303894 0.03445344790816307 -0.12857742607593536 -0.34216031432151794 0.12920938432216644 0.481220543384552 -0.8670245409011841 2.7059030532836914 0.03200213238596916 -0.8759221434593201 -0.4813897907733917 1.7314560413360596
-0.9912269711494446 0.03630204498767853 -0.12708869576454163 -0.329731822013855 0.12884102761745453 0.4798898696899414 -0.8678165674209595 2.7047290802001953 0.029485080391168594 -0.8765772581100464 -0.480356901884079 1.7333142757415771
-0.9915904402732849 0.03806697204709053 -0.12369142472743988 -0.32245704531669617 0.12674646079540253 0.4787983000278473 -0.868727445602417 2.7050793170928955 0.026153437793254852 -0.8770991563796997 -0.4795966148376465 1.7301557064056396
-0.9916346073150635 0.041013941168785095 -0.12238837033510208 -0.31340986490249634 0.12699386477470398 0.47968971729278564 -0.8681994080543518 2.7041842937469482 0.02310018241405487 -0.8764790296554565 -0.48088538646698 1.7299590110778809
-0.9915136694908142 0.03968548774719238 -0.12379812449216843 -0.3059287965297699 0.12748122215270996 0.4834730327129364 -0.8660266995429993 2.703526496887207 0.02548438496887684 -0.8744590878486633 -0.4844292104244232 1.7275300025939941
-0.9910194873809814 0.03822347894310951 -0.12813909351825714 -0.29693982005119324 0.1304229348897934 0.4877411127090454 -0.863190770149231 2.702162742614746 0.02950456738471985 -0.8721510171890259 -0.4883460998535156 1.7271331548690796
-0.9902819395065308 0.03724304586648941 -0.13399584591388702 -0.2869572937488556 0.13491231203079224 0.49121910333633423 -0.8605244159698486 2.6991541385650635 0.0337727889418602 -0.8702393770217896 -0.4914698898792267 1.7309774160385132
-0.9893827438354492 0.03624602407217026 -0.14074194431304932 -0.274459570646286 0.14024022221565247 0.49224555492401123 -0.8590848445892334 2.696141481399536 0.03814120590686798 -0.8697013258934021 -0.49210232496261597 1.7351608276367188
-0.9893439412117004 0.037112679332494736 -0.1407889574766159 -0.2663278877735138 0.14063012599945068 0.4940217435359955 -0.8580008745193481 2.6927647590637207 0.03771011903882027 -0.8686569929122925 -0.49397650361061096 1.7440887689590454
-0.9895094037055969 0.0441582053899765 -0.13755543529987335 -0.25618529319763184 0.14142397046089172 0.4905490577220917 -0.8598608374595642 2.697687864303589 0.029507800936698914 -0.870293915271759 -0.491647869348526 1.7309494018554688
-0.9893556833267212 0.0431869812309742 -0.13896217942237854 -0.24678494036197662 0.14204509556293488 0.4940086901187897 -0.8577752709388733 2.693398952484131 0.03160383179783821 -0.8683836460113525 -0.49488475918769836 1.7385269403457642
-0.9888047575950623 0.03788398206233978 -0.14432695508003235 -0.23747171461582184 0.1442139744758606 0.4909699559211731 -0.8591569066047668 2.69336199760437 0.038311947137117386 -0.8703523278236389 -0.4909367859363556 1.7379993200302124
-0.9877238273620605 0.03450964391231537 -0.15235184133052826 -0.2259598970413208 0.14963336288928986 0.48905667662620544 -0.8593213558197021 2.6956276893615723 0.044853851199150085 -0.8715689778327942 -0.48821666836738586 1.7341837882995605
-0.9870529770851135 0.03401067107915878 -0.15674825012683868 -0.21428757905960083 0.15314339101314545 0.4903690814971924 -0.8579539656639099 2.696033477783203 0.04768494516611099 -0.8708508610725403 -0.4892287254333496 1.7355372905731201
-0.9865853190422058 0.03591632470488548 -0.15924756228923798 -0.20082807540893555 0.15628214180469513 0.4897078573703766 -0.8577656149864197 2.6955454349517822 0.0471770353615284 -0.8711463809013367 -0.488751620054245 1.740490198135376
-0.986568808555603 0.03598211705684662 -0.15933483839035034 -0.20027576386928558 0.15639431774616241 0.4896300435066223 -0.8577895760536194 2.695516586303711 0.047150079160928726 -0.8711873888969421 -0.4886811077594757 1.7403297424316406
-0.9855513572692871 0.03505055978894234 -0.16571135818958282 -0.17744292318820953 0.16176387667655945 0.48481303453445435 -0.8595280647277832 2.69681715965271 0.050212129950523376 -0.8739150762557983 -0.48347803950309753 1.7458287477493286
-0.9854105710983276 0.03827699273824692 -0.16583484411239624 -0.1651504635810852 0.16373929381370544 0.47903114557266235 -0.8623910546302795 2.7003376483917236 0.04643035680055618 -0.8769628405570984 -0.4783097505569458 1.744809865951538
-0.9853812456130981 0.042665351182222366 -0.16493582725524902 -0.15263880789279938 0.16520890593528748 0.47568073868751526 -0.8639638423919678 2.7045648097991943 0.04159551113843918 -0.8785825371742249 -0.4757755398750305 1.7429364919662476
-0.9853426218032837 0.04518318176269531 -0.16449542343616486 -0.13991723954677582 0.1661309003829956 0.4731524884700775 -0.8651744723320007 2.7065489292144775 0.038740117102861404 -0.8798210024833679 -0.4737236201763153 1.74403715133667
-0.9849042296409607 0.043426644057035446 -0.16756542026996613 -0.12783671915531158 0.1681177169084549 0.4705793261528015 -0.8661934733390808 2.7074472904205322 0.041236985474824905 -0.8812882900238037 -0.47077634930610657 1.7464344501495361
-0.984718918800354 0.04233201593160629 -0.1689291149377823 -0.11360935866832733 0.16913096606731415 0.4637106955051422 -0.8696934580802917 2.7100160121917725 0.04151839762926102 -0.8849747180938721 -0.4637843370437622 1.7450224161148071
-0.9849904775619507 0.04785233736038208 -0.1658444106578827 -0.09975636750459671 0.1691698282957077 0.45849332213401794 -0.8724477291107178 2.7156407833099365 0.034289922565221786 -0.8874085545539856 -0.45970669388771057 1.737722396850586
-0.9853653311729431 0.05306551232933998 -0.1619867980480194 -0.08489802479743958 0.16817204654216766 0.4577314555644989 -0.873040497303009 2.7160589694976807 0.027818139642477036 -0.8875054121017456 -0.4599567949771881 1.7387694120407104
-0.9857929944992065 0.05483009293675423 -0.15876522660255432 -0.07754102349281311 0.16616412997245789 0.4564431309700012 -0.8740988373756409 2.7186570167541504 0.024540403857827187 -0.8880614638328552 -0.4590691924095154 1.7346529960632324
-0.9851688742637634 0.05242651700973511 -0.16338399052619934 -0.06338906288146973 0.16909123957157135 0.45850497484207153 -0.8724568486213684 2.7196011543273926 0.029172532260417938 -0.8871439695358276 -0.4605696499347687 1.7320600748062134
-0.9848266839981079 0.05074403062462807 -0.1659577339887619 -0.052474115043878555 0.17049716413021088 0.461271196603775 -0.8707233667373657 2.716745376586914 0.03236754611134529 -0.8858067989349365 -0.46292388439178467 1.7315056324005127
-0.9834838509559631 0.052489399909973145 -0.1732192486524582 -0.033359356224536896 0.17773649096488953 0.46091794967651367 -0.8694618940353394 2.71998929977417 0.034202367067337036 -0.885888934135437 -0.4626346528530121 1.7233378887176514
-0.9825927019119263 0.049427442252635956 -0.17907831072807312 -0.018604129552841187 0.1814747154712677 0.46157070994377136 -0.8683426976203918 2.7248663902282715 0.039737388491630554 -0.885725200176239 -0.46250584721565247 1.711971402168274
-0.9815678596496582 0.04880876466631889 -0.1847776174545288 -0.003984404727816582 0.18589255213737488 0.4683150351047516 -0.8637850284576416 2.7225725650787354 0.044373903423547745 -0.882212221622467 -0.46875616908073425 1.708069086074829
-0.9813047051429749 0.04648691415786743 -0.18676351010799408 0.004653589334338903 0.18649163842201233 0.4694969058036804 -0.8630139827728271 2.722825288772583 0.04756607860326767 -0.8817092776298523 -0.4693889319896698 1.7051143646240234
-0.9814102053642273 0.044067393988370895 -0.18679559230804443 0.01528227049857378 0.18536624312400818 0.469875693321228 -0.8630502820014954 2.726240873336792 0.04973837360739708 -0.8816317319869995 -0.46930938959121704 1.691498875617981
-0.9797034859657288 0.04528665542602539 -0.19527080655097961 0.041775546967983246 0.19276341795921326 0.48007795214653015 -0.8557844161987305 2.7202162742614746 0.05498964339494705 -0.876055896282196 -0.47906365990638733 1.6960983276367188
-0.98062664270401 0.04592626541852951 -0.1904275119304657 0.047044191509485245 0.18863211572170258 0.48351675271987915 -0.8547683954238892 2.7157912254333496 0.05281861498951912 -0.8741292953491211 -0.4828125834465027 1.696641206741333
-0.9816099405288696 0.045728135854005814 -0.185341015458107 0.048724882304668427 0.18393273651599884 0.48643872141838074 -0.8541344404220581 2.716512680053711 0.05109911039471626 -0.8725170493125916 -0.4859040081501007 1.690504789352417
-0.9813346266746521 0.04666275531053543 -0.18656191229820251 0.06760825961828232 0.18528859317302704 0.48915210366249084 -0.8522897958755493 2.71110200881958 0.05148699879646301 -0.8709492087364197 -0.4886679947376251 1.6841380596160889
-0.9813869595527649 0.04651918262243271 -0.18632230162620544 0.06706944853067398 0.18502424657344818 0.48892003297805786 -0.8524803519248962 2.711549758911133 0.051440052688121796 -0.8710871934890747 -0.48842692375183105 1.6836436986923218
-0.9811054468154907 0.052530232816934586 -0.18620720505714417 0.09372228384017944 0.18759465217590332 0.49376052618026733 -0.8491221070289612 2.701981544494629 0.04733722284436226 -0.8680096864700317 -0.494285523891449 1.6758569478988647
-0.9834831953048706 0.054934244602918625 -0.17246286571025848 0.08571206033229828 0.176620215177536 0.4996214210987091 -0.8480467796325684 2.695176601409912 0.0395793691277504 -0.8645000457763672 -0.5010717511177063 1.6789016723632812
-0.982917070388794 0.05699259042739868 -0.1750037968158722 0.09942027181386948 0.17976823449134827 0.501197874546051 -0.8464536070823669 2.6884148120880127 0.03946998342871666 -0.8634536266326904 -0.5028813481330872 1.6721348762512207
-0.9826369285583496 0.057454902678728104 -0.1764199584722519 0.11181815713644028 0.18121600151062012 0.5012760758399963 -0.8460985422134399 2.6791133880615234 0.03982263058423996 -0.863377571105957 -0.5029841065406799 1.6701977252960205
-0.982598602771759 0.057253897190093994 -0.1766987144947052 0.11903572827577591 0.18125829100608826 0.5033479928970337 -0.8448585271835327 2.671725273132324 0.04056952893733978 -0.8621847033500671 -0.5049667358398438 1.6691433191299438
-0.981186032295227 0.059176452457904816 -0.18377311527729034 0.13256292045116425 0.1883087307214737 0.5033319592475891 -0.8433246612548828 2.6633028984069824 0.04259394854307175 -0.8620642423629761 -0.5050056576728821 1.6654072999954224
-0.9797310829162598 0.061061833053827286 -0.19078488647937775 0.14797863364219666 0.195154070854187 0.5058106780052185 -0.8402798175811768 2.651326894760132 0.04519203305244446 -0.8604804873466492 -0.5074748396873474 1.6613540649414062
-0.9794136881828308 0.05977700650691986 -0.19281065464019775 0.15847645699977875 0.19614629447460175 0.5075411796569824 -0.8390043377876282 2.6372482776641846 0.047706205397844315 -0.8595512509346008 -0.508817732334137 1.6667131185531616
-0.9807915687561035 0.060471367090940475 -0.1854494959115982 0.15587015450000763 0.19048069417476654 0.5017142295837402 -0.8438007235527039 2.63020396232605 0.0420168898999691 -0.8629170060157776 -0.5035955905914307 1.661742091178894
-0.9792407751083374 0.06461936235427856 -0.19212570786476135 0.18167786300182343 0.19847851991653442 0.4981365203857422 -0.8440770506858826 2.618163824081421 0.041161131113767624 -0.8646872639656067 -0.5006210207939148 1.6529065370559692
-0.9804551005363464 0.060634300112724304 -0.18716774880886078 0.1752452850341797 0.19207003712654114 0.5011209845542908 -0.8437930345535278 2.6039156913757324 0.04263090714812279 -0.8632502555847168 -0.5029725432395935 1.66072678565979
-0.9807143211364746 0.06152326613664627 -0.18551236391067505 0.179146409034729 0.1914091259241104 0.49429449439048767 -0.8479595184326172 2.5931615829467773 0.03952851891517639 -0.8671145439147949 -0.4965376853942871 1.654486060142517
-0.9806970953941345 0.06176183000206947 -0.1855240911245346 0.18977664411067963 0.1914903223514557 0.4953286945819855 -0.8473374843597412 2.5786259174346924 0.03956231102347374 -0.8665072321891785 -0.49759408831596375 1.6568572521209717
-0.9800769686698914 0.06668241322040558 -0.18709124624729156 0.19768039882183075 0.19538654386997223 0.4929463863372803 -0.8478371500968933 2.564190626144409 0.03569014370441437 -0.8675005435943604 -0.49615412950515747 1.6550439596176147
-0.980313777923584 0.06906340271234512 -0.18497484922409058 0.19970037043094635 0.19489222764968872 0.488684743642807 -0.8504140973091125 2.5510973930358887 0.03166191279888153 -0.8697225451469421 -0.4925242066383362 1.6557977199554443
-0.979095995426178 0.07149486988782883 -0.1904207170009613 0.2154749035835266 0.20106498897075653 0.48164933919906616 -0.8529869318008423 2.538628339767456 0.030731840059161186 -0.8734427690505981 -0.48595598340034485 1.6453839540481567
-0.9792060256004333 0.07713034003973007 -0.18763519823551178 0.21804726123809814 0.20142196118831635 0.4799289107322693 -0.8538720011711121 2.527751922607422 0.02419213391840458 -0.8739101886749268 -0.4854849576950073 1.6395912170410156
-0.9793258309364319 0.08554865419864655 -0.18331080675125122 0.22507928311824799 0.20168766379356384 0.4828276038169861 -0.8521734476089478 2.5124716758728027 0.015605243854224682 -0.8715267181396484 -0.49009957909584045 1.6412954330444336
-0.9798651337623596 0.08748047798871994 -0.1794770061969757 0.22349250316619873 0.1992558389902115 0.48574239015579224 -0.8510884046554565 2.5014355182647705 0.012725986540317535 -0.8697134256362915 -0.4933929443359375 1.6403660774230957
-0.9791804552078247 0.09202652424573898 -0.18093430995941162 0.23164190351963043 0.20277801156044006 0.4844413697719574 -0.850998044013977 2.4916276931762695 0.009337687864899635 -0.86996990442276 -0.49301639199256897 1.6298120021820068
-0.9786445498466492 0.09401281177997589 -0.18280291557312012 0.23042376339435577 0.2052924931049347 0.49243444204330444 -0.8457915186882019 2.4756574630737305 0.010503229685127735 -0.8652570843696594 -0.501218318939209 1.6369420289993286
-0.9776797890663147 0.09244091808795929 -0.18867263197898865 0.22936223447322845 0.20955274999141693 0.49390706419944763 -0.8438858985900879 2.4637837409973145 0.015177175402641296 -0.8645868301391602 -0.5022541284561157 1.6370773315429688
-0.9762926697731018 0.09500076621770859 -0.19449399411678314 0.23700927197933197 0.21590152382850647 0.491646945476532 -0.8436052203178406 2.4555490016937256 0.015479248017072678 -0.8655969500541687 -0.5005020499229431 1.627760410308838
-0.9734238982200623 0.10113449394702911 -0.20547062158584595 0.2541874349117279 0.22842414677143097 0.4930042028427124 -0.8395053744316101 2.4378740787506104 0.01639494113624096 -0.864128828048706 -0.5030035376548767 1.6305593252182007
-0.9729871153831482 0.1015707328915596 -0.20731593668460846 0.24858534336090088 0.2301831841468811 0.4955604672431946 -0.837517499923706 2.424877882003784 0.01767033152282238 -0.8626141548156738 -0.5055537223815918 1.6359059810638428
-0.9713695049285889 0.10205186158418655 -0.21453943848609924 0.2559553384780884 0.23668134212493896 0.4939326345920563 -0.836667537689209 2.4105446338653564 0.020584572106599808 -0.8634905815124512 -0.5039447546005249 1.6381137371063232
-0.9694063663482666 0.1036941334605217 -0.22248439490795135 0.2635648250579834 0.24440187215805054 0.491916686296463 -0.8356349468231201 2.3994522094726562 0.022793367505073547 -0.8644452095031738 -0.5022100806236267 1.63590407371521
-0.9690181612968445 0.10282978415489197 -0.22456708550453186 0.2600629925727844 0.2457658052444458 0.4918670952320099 -0.8352640271186829 2.390648126602173 0.024567166343331337 -0.8645766377449036 -0.5019000768661499 1.6358541250228882
-0.9654437303543091 0.10377253592014313 -0.23906104266643524 0.27880552411079407 0.2588849663734436 0.48732736706733704 -0.8339608311653137 2.3742685317993164 0.029958786442875862 -0.8670312762260437 -0.4973521828651428 1.633399248123169
-0.9639040231704712 0.1047198623418808 -0.24479229748249054 0.28659379482269287 0.2643528878688812 0.48599866032600403 -0.8330203890800476 2.3636598587036133 0.03173498064279556 -0.8676629662513733 -0.49613896012306213 1.6332595348358154
-0.9629285931587219 0.10538123548030853 -0.2483220100402832 0.2943187654018402 0.2676067650318146 0.48917868733406067 -0.830115020275116 2.349712371826172 0.03399531915783882 -0.8657938241958618 -0.4992447793483734 1.6352064609527588
-0.9627742171287537 0.10491055250167847 -0.2491186112165451 0.2870190441608429 0.26803556084632874 0.48977458477020264 -0.8296251893043518 2.33931565284729 0.034975565969944 -0.8655140399932861 -0.49966201186180115 1.6355186700820923
-0.9604790806770325 0.10597206652164459 -0.2573915123939514 0.297188937664032 0.2757531702518463 0.4883420765399933 -0.8279386162757874 2.325597047805786 0.037956785410642624 -0.8661938905715942 -0.4982643723487854 1.6361140012741089
-0.9609959125518799 0.1051015704870224 -0.25581446290016174 0.2905352711677551 0.2739305794239044 0.48906010389328003 -0.8281198143959045 2.3167426586151123 0.03807200491428375 -0.8658947944641113 -0.4987751841545105 1.6353667974472046
-0.9581836462020874 0.10883837193250656 -0.2646484673023224 0.3070208728313446 0.28349196910858154 0.4869309663772583 -0.8261541724205017 2.303229570388794 0.038948316127061844 -0.8666327595710754 -0.4974239766597748 1.6292610168457031
-0.9569900035858154 0.11063674837350845 -0.2681979537010193 0.30687689781188965 0.2873935401439667 0.4879932701587677 -0.8241769671440125 2.2907798290252686 0.039694588631391525 -0.8658071160316467 -0.4988008439540863 1.6295034885406494
-0.9553705453872681 0.11169537156820297 -0.27348074316978455 0.3124665319919586 0.292525053024292 0.48678457736968994 -0.8230856657028198 2.2753424644470215 0.04119139164686203 -0.8663514256477356 -0.4977332353591919 1.63054621219635
-0.952785074710846 0.11579698324203491 -0.2806992828845978 0.3212706744670868 0.301048219203949 0.4809110164642334 -0.8234650492668152 2.262791395187378 0.039636652916669846 -0.869088888168335 -0.49306520819664 1.6250858306884766
-0.9508275985717773 0.11878205835819244 -0.28603869676589966 0.3271927535533905 0.30722734332084656 0.4786856174468994 -0.8224789500236511 2.246764659881592 0.039226919412612915 -0.8699142336845398 -0.49164047837257385 1.626895546913147
-0.9493212103843689 0.11974800378084183 -0.29060298204421997 0.3296521306037903 0.31183308362960815 0.47464028000831604 -0.8230898380279541 2.2341272830963135 0.03936857357621193 -0.8719959259033203 -0.4879273772239685 1.6263586282730103
-0.9459117650985718 0.12768633663654327 -0.2982407808303833 0.34561190009117126 0.32275545597076416 0.463511198759079 -0.8252190351486206 2.2198338508605957 0.03286881372332573 -0.8768429160118103 -0.4796520471572876 1.6212455034255981
-0.9422576427459717 0.1330241560935974 -0.3073361814022064 0.3622684180736542 0.3336719572544098 0.45110830664634705 -0.8277466297149658 2.208235263824463 0.028531678020954132 -0.8824997544288635 -0.4694465696811676 1.6106196641921997
-0.9420382380485535 0.1349467784166336 -0.3071706295013428 0.3600504994392395 0.334476113319397 0.449433833360672 -0.8283327221870422 2.1939826011657715 0.026272108778357506 -0.8830620050430298 -0.46852022409439087 1.6204088926315308
-0.9397211074829102 0.13762915134429932 -0.31302228569984436 0.36576080322265625 0.3412019908428192 0.4376319646835327 -0.8319011926651001 2.1789052486419678 0.022494781762361526 -0.888558566570282 -0.4582112431526184 1.6244087219238281
-0.9375705122947693 0.14221711456775665 -0.3173897862434387 0.37250640988349915 0.3474040925502777 0.4262595772743225 -0.8352324962615967 2.1699512004852295 0.01650615967810154 -0.8933514952659607 -0.44905513525009155 1.6250982284545898
-0.9354972243309021 0.1462658792734146 -0.32163897156715393 0.38650837540626526 0.35307231545448303 0.4220442473888397 -0.8349962830543518 2.161069869995117 0.013614488765597343 -0.8946981430053711 -0.44646358489990234 1.6144838333129883
-0.9339510798454285 0.15343955159187317 -0.3227880001068115 0.38539665937423706 0.3572743833065033 0.42491188645362854 -0.8317482471466064 2.14947509765625 0.009533458389341831 -0.8921356201171875 -0.45166686177253723 1.6173173189163208
-0.9298126101493835 0.15156394243240356 -0.3353763818740845 0.39351797103881836 0.3675675690174103 0.42829567193984985 -0.8255041837692261 2.1333510875701904 0.018523674458265305 -0.8908372521400452 -0.4539446234703064 1.6230041980743408
-0.9267569184303284 0.15232543647289276 -0.34339332580566406 0.39830508828163147 0.37514498829841614 0.42322131991386414 -0.8247122168540955 2.1233463287353516 0.01970682293176651 -0.8931295871734619 -0.44936734437942505 1.6168625354766846
-0.922681987285614 0.1573370099067688 -0.3519992232322693 0.40945708751678467 0.38508889079093933 0.4212968945503235 -0.8211064338684082 2.11018443107605 0.019105838611721992 -0.8931706547737122 -0.4493117034435272 1.6177046298980713
-0.9188197255134583 0.16490665078163147 -0.3585757613182068 0.4179179072380066 0.3943319320678711 0.4216189980506897 -0.8165415525436401 2.084601640701294 0.01652931049466133 -0.8916518688201904 -0.4524197280406952 1.621395230293274
-0.9157158732414246 0.166298970580101 -0.3657999336719513 0.4250471889972687 0.4013344943523407 0.42357558012008667 -0.812105119228363 2.0705056190490723 0.019891774281859398 -0.8904651403427124 -0.4546163082122803 1.6225745677947998
-0.9138754606246948 0.16550245881080627 -0.3707304298877716 0.42292433977127075 0.40531766414642334 0.42465513944625854 -0.8095591068267822 2.0633251667022705 0.023448657244443893 -0.890099287033081 -0.455162912607193 1.6170604228973389
-0.909478485584259 0.1671214997768402 -0.3806833028793335 0.4281216561794281 0.4147849678993225 0.42714443802833557 -0.8034310340881348 2.047389030456543 0.028336254879832268 -0.8886044025421143 -0.4577980935573578 1.6223292350769043
-0.9068928956985474 0.16822460293769836 -0.38632404804229736 0.4327830672264099 0.42039576172828674 0.4232921898365021 -0.802553117275238 2.0342800617218018 0.028518879786133766 -0.8902381658554077 -0.454601526260376 1.623557209968567
-0.9046117067337036 0.1707366555929184 -0.3905472755432129 0.43211039900779724 0.4254310429096222 0.4180055260658264 -0.8026706576347351 2.0251686573028564 0.026205720379948616 -0.8922556638717651 -0.450769305229187 1.62123703956604
-0.8971168994903564 0.17480744421482086 -0.4057389795780182 0.4432980418205261 0.44094565510749817 0.4111715257167816 -0.797812819480896 1.9967554807662964 0.027364792302250862 -0.8946396708488464 -0.4459494352340698 1.6264902353286743
