1.000000000 0.000000000 0.000000000 0.000000000 0.000000000 1.000000000 0.000000000 0.000000000 0.000000000 0.000000000 1.000000000 0.000000000
0.999999285 0.000669895 0.000963648 -0.001697844 -0.000670052 0.999999762 0.000163226 0.002521848 -0.000963539 -0.000163872 0.999999523 0.000305475
0.999996722 0.001908316 0.001722483 -0.005573354 -0.001912277 0.999995530 0.002301014 -0.003913457 -0.001718084 -0.002304300 0.999995887 0.000945675
0.999993026 0.003583137 0.001027657 -0.004787838 -0.003582275 0.999993205 -0.000839899 -0.000732636 -0.001030660 0.000836212 0.999999106 0.000810219
0.999988496 0.004353434 0.002002495 -0.005539749 -0.004350663 0.999989569 -0.001386139 0.000305244 -0.002008509 0.001377411 0.999997020 -0.001084432
0.999986768 0.004218576 0.002938851 -0.007987480 -0.004212675 0.999989092 -0.002011582 0.001362552 -0.002947305 0.001999175 0.999993682 -0.000633740
0.999981165 0.005732714 0.002202840 -0.008039859 -0.005727778 0.999981105 -0.002240516 0.000203706 -0.002215643 0.002227856 0.999995053 -0.001561921
0.999974608 0.006398790 0.003142411 -0.008382059 -0.006393031 0.999977887 -0.001839097 0.000428866 -0.003154109 0.001818961 0.999993384 -0.002934412
0.999972701 0.005955400 0.004368569 -0.010787985 -0.005948911 0.999981165 -0.001496671 0.000472105 -0.004377400 0.001470641 0.999989331 -0.002011683
0.999972939 0.005991260 0.004270591 -0.011847066 -0.005981738 0.999979615 -0.002238838 0.000830768 -0.004283917 0.002213232 0.999988377 -0.003210742
0.999967158 0.006610854 0.004682046 -0.013357221 -0.006605341 0.999977469 -0.001192041 -0.000526056 -0.004689821 0.001161075 0.999988317 -0.003347200
0.999960542 0.007127115 0.005304128 -0.012412434 -0.007118449 0.999973297 -0.001650830 -0.000704353 -0.005315752 0.001613008 0.999984562 -0.004151773
0.999955058 0.006182087 0.007190169 -0.015091197 -0.006160404 0.999976397 -0.003033876 0.001423490 -0.007208756 0.002989446 0.999969542 -0.003943163
0.999960184 0.003645779 0.008144752 -0.017780870 -0.003622409 0.999989271 -0.002882281 0.002870067 -0.008155174 0.002852663 0.999962687 -0.004976059
0.999960244 0.000447247 0.008906578 -0.021308435 -0.000430606 0.999998152 -0.001870218 0.001566982 -0.008907397 0.001866308 0.999958575 -0.004334214
0.999956071 -0.003081463 0.008852521 -0.023503618 0.003113707 0.999988556 -0.003630856 0.002032922 -0.008841231 0.003658260 0.999954224 -0.005177642
0.999945760 -0.005849842 0.008614521 -0.026973873 0.005882828 0.999975443 -0.003808686 0.002269984 -0.008592029 0.003859157 0.999955654 -0.005568427
0.999949753 -0.006201917 0.007876602 -0.026270499 0.006221260 0.999977708 -0.002433572 -0.000601188 -0.007861334 0.002482452 0.999966025 -0.006065454
0.999936461 -0.006305167 0.009341662 -0.025420194 0.006335387 0.999974787 -0.003208974 -0.000887380 -0.009321193 0.003267953 0.999951243 -0.009241554
0.999895215 -0.007281945 0.012510483 -0.031809360 0.007339564 0.999962628 -0.004565912 0.001589466 -0.012476767 0.004657255 0.999911308 -0.009512557
0.999859035 -0.009644788 0.013744897 -0.037896000 0.009705156 0.999943495 -0.004332099 0.000837810 -0.013702339 0.004464884 0.999896169 -0.009433536
0.999830008 -0.011587688 0.014342655 -0.044085439 0.011664287 0.999918103 -0.005268535 -0.000014407 -0.014280430 0.005434936 0.999883235 -0.010883177
0.999828041 -0.013142189 0.013084403 -0.045068927 0.013232313 0.999889135 -0.006825299 0.003716783 -0.012993253 0.006997262 0.999891102 -0.013340103
0.999812543 -0.013304840 0.014067937 -0.049097467 0.013385822 0.999894261 -0.005678073 0.001853548 -0.013990903 0.005865319 0.999884903 -0.014093330
0.999792397 -0.012208075 0.016311765 -0.055329978 0.012329039 0.999897063 -0.007335931 0.003378860 -0.016220529 0.007535516 0.999840021 -0.016055705
0.999792337 -0.010723405 0.017329521 -0.057975721 0.010841586 0.999918520 -0.006740098 0.003389044 -0.017255832 0.006926578 0.999827087 -0.017923947
0.999730170 -0.009586826 0.021157442 -0.065609470 0.009747183 0.999924421 -0.007489132 0.002542504 -0.021084046 0.007693337 0.999748111 -0.019549007
0.999655843 -0.010605486 0.023994315 -0.073612191 0.010887409 0.999872863 -0.011649575 0.008152778 -0.023867715 0.011906801 0.999644220 -0.021951668
0.999668956 -0.010314722 0.023570618 -0.075361282 0.010535683 0.999901533 -0.009269601 0.009751846 -0.023472684 0.009514865 0.999679208 -0.024606597
0.999593019 -0.008984806 0.027075084 -0.084441394 0.009214628 0.999922454 -0.008375543 0.007773911 -0.026997732 0.008621621 0.999598324 -0.024437943
0.999539018 -0.011192208 0.028221052 -0.089532889 0.011448182 0.999894619 -0.008925132 0.012453753 -0.028118186 0.009244096 0.999561846 -0.027340269
0.999516487 -0.011365864 0.028940722 -0.096089385 0.011579107 0.999906957 -0.007211341 0.014549069 -0.028856065 0.007542962 0.999555111 -0.027033873
0.999545872 -0.010664471 0.028184077 -0.098079413 0.010824048 0.999926209 -0.005515473 0.017297253 -0.028123176 0.005818034 0.999587536 -0.030248314
0.999503195 -0.010422064 0.029745223 -0.104341708 0.010531563 0.999938309 -0.003526936 0.022592988 -0.029706629 0.003838447 0.999551296 -0.029101297
0.999439061 -0.009093088 0.032232255 -0.115638748 0.009142865 0.999957204 -0.001397302 0.017117657 -0.032218173 0.001691213 0.999479413 -0.027757203
0.999499679 -0.009770606 0.030082287 -0.120169930 0.009888697 0.999943972 -0.003779366 0.025930293 -0.030043675 0.004074950 0.999540269 -0.032656215
0.999575913 -0.009858171 0.027399950 -0.121579669 0.009809840 0.999950111 0.001897744 0.027453953 -0.027417291 -0.001628150 0.999622762 -0.032587636
0.999553978 -0.008921997 0.028499434 -0.132806897 0.008791237 0.999950290 0.004710126 0.024983509 -0.028540039 -0.004457479 0.999582708 -0.031536639
0.999603450 -0.004387867 0.027815992 -0.141964421 0.004379617 0.999990344 0.000357534 0.023554718 -0.027817292 -0.000235569 0.999612987 -0.031443853
0.999638855 -0.001818719 0.026810879 -0.145593792 0.001876079 0.999996006 -0.002114425 0.026434287 -0.026806926 0.002163961 0.999638259 -0.033460237
0.999593139 -0.000311560 0.028520714 -0.157152191 0.000348874 0.999999106 -0.001303363 0.016683074 -0.028520282 0.001312783 0.999592364 -0.029657803
0.999707997 -0.002614019 0.024021793 -0.157994866 0.002864582 0.999941766 -0.010402178 0.023563148 -0.023993205 0.010467954 0.999657333 -0.035227586
0.999806345 -0.003318575 0.019396104 -0.150177538 0.003452281 0.999970496 -0.006864035 0.022781089 -0.019372754 0.006929667 0.999788344 -0.041328315
0.999742985 -0.002635296 0.022517748 -0.150130689 0.002672975 0.999995053 -0.001643381 0.016831161 -0.022513308 0.001703148 0.999745071 -0.039838638
0.999590755 -0.000960612 0.028590836 -0.156625584 0.001061913 0.999993205 -0.003528169 0.014934273 -0.028587252 0.003557086 0.999584973 -0.038006429
0.999494493 0.000658707 0.031785317 -0.155863315 -0.000566321 0.999995589 -0.002915478 0.011075295 -0.031787097 0.002896004 0.999490440 -0.039992373
0.999238670 -0.005244135 0.038660366 -0.169180006 0.005586910 0.999945998 -0.008763629 0.016062016 -0.038612317 0.008972949 0.999213994 -0.037487157
0.999284327 -0.015570165 0.034473341 -0.180335447 0.016192574 0.999709547 -0.017849801 0.013635008 -0.034185406 0.018395239 0.999246180 -0.038816955
0.999349952 -0.016081497 0.032266248 -0.174742773 0.016643830 0.999712944 -0.017235668 0.007812361 -0.031979810 0.017761497 0.999330699 -0.043070868
0.999149859 -0.017542614 0.037306473 -0.173942685 0.018204050 0.999681771 -0.017464591 0.004614405 -0.036988229 0.018128874 0.999151230 -0.044792175
0.998894095 -0.018177772 0.043360330 -0.177993119 0.019002480 0.999644816 -0.018684136 0.009449185 -0.043005295 0.019487428 0.998884797 -0.046337262
0.998529732 -0.019751919 0.050480053 -0.191121265 0.020596797 0.999655426 -0.016271742 0.009723844 -0.050141260 0.017287547 0.998592496 -0.040542398
0.998404562 -0.021574771 0.052180920 -0.190263674 0.022295831 0.999663293 -0.013275966 0.010493375 -0.051876921 0.014418202 0.998549402 -0.044464946
0.997983694 -0.024980523 0.058348320 -0.195516080 0.025457632 0.999648154 -0.007447846 0.009507762 -0.058141738 0.008918239 0.998268485 -0.039842874
0.997693419 -0.024975559 0.063119553 -0.198243976 0.025328359 0.999667704 -0.004795301 0.006245281 -0.062978812 0.006382954 0.997994423 -0.039426789
0.997305691 -0.026047386 0.068577595 -0.203199103 0.026311517 0.999649465 -0.002950991 0.007817146 -0.068476684 0.004747420 0.997641444 -0.038652375
0.996850491 -0.026150454 0.074868217 -0.207189783 0.026130997 0.999657750 0.001239583 0.004649189 -0.074875012 0.000720702 0.997192681 -0.038113538
0.996022761 -0.026511507 0.085063368 -0.219694942 0.026367379 0.999648333 0.002817611 0.005181231 -0.085108161 -0.000563506 0.996371567 -0.034422420
0.995283484 -0.029468577 0.092425071 -0.232419193 0.029371336 0.999565661 0.002412478 0.003285920 -0.092456020 0.000313548 0.995716691 -0.030885197
0.994707465 -0.033043187 0.097289488 -0.242402688 0.032994982 0.999453306 0.002104739 0.003427022 -0.097305849 0.001116465 0.995253921 -0.028458880
0.994111657 -0.033778246 0.102961652 -0.256906599 0.033952598 0.999423444 0.000059237 0.002783613 -0.102904283 0.003436927 0.994685352 -0.025557414
0.993556857 -0.036493901 0.107298747 -0.272991121 0.037436869 0.999275923 -0.006786493 0.006036055 -0.106973395 0.010759695 0.994203687 -0.022125369
0.993590117 -0.039489496 0.105921082 -0.281647444 0.041041683 0.999079049 -0.012513882 0.012370517 -0.105329372 0.016780850 0.994295776 -0.023893815
0.993344426 -0.044340994 0.106305055 -0.301674724 0.045554798 0.998921156 -0.009016030 0.009511727 -0.105790593 0.013798729 0.994292676 -0.021737618
0.993755519 -0.044702515 0.102233186 -0.305747449 0.045315683 0.998965919 -0.003682001 0.002964937 -0.101962879 0.008291776 0.994753659 -0.022436146
0.993792117 -0.042268850 0.102910385 -0.308661968 0.042570606 0.999093175 -0.000736668 0.000795970 -0.102785930 0.005113052 0.994690359 -0.024637368
0.993287742 -0.042266827 0.107670896 -0.322649151 0.042295825 0.999103069 0.002015339 0.001171242 -0.107659511 0.002552218 0.994184554 -0.022280704
0.992980540 -0.044884507 0.109430343 -0.337969452 0.044761170 0.998991311 0.003584574 0.002845353 -0.109480858 0.001338819 0.993987978 -0.019494943
0.992817938 -0.046305660 0.110310264 -0.350083858 0.045877997 0.998926461 0.006413262 0.000763613 -0.110488810 -0.001306389 0.993876517 -0.018307807
0.992481470 -0.048567455 0.112346284 -0.365197957 0.048137676 0.998819351 0.006536602 -0.003504739 -0.112531103 -0.001079368 0.993647635 -0.015042519
0.992588878 -0.051283136 0.110169716 -0.374959856 0.051432252 0.998675346 0.001489732 0.002776944 -0.110100187 0.004187585 0.993911684 -0.016152246
0.992934167 -0.053125210 0.106110439 -0.380930215 0.053208381 0.998581350 0.002049021 0.001725586 -0.106068760 0.003611421 0.994352221 -0.017492961
0.992978156 -0.054352693 0.105072014 -0.389421642 0.054394916 0.998516440 0.002465880 0.004313963 -0.105050169 0.003266818 0.994461536 -0.018713649
0.992999792 -0.053346291 0.105383180 -0.395141870 0.052634217 0.998568416 0.009528575 -0.001202925 -0.105740629 -0.003915112 0.994386017 -0.022034274
0.992487669 -0.051670831 0.110897757 -0.406489074 0.050515320 0.998635948 0.013206024 0.001803986 -0.111428849 -0.007504781 0.993744075 -0.017111868
0.992008984 -0.050285287 0.115713485 -0.413891852 0.048620023 0.998669744 0.017170858 -0.002780846 -0.116423003 -0.011407652 0.993134201 -0.016467877
0.991341889 -0.049688756 0.121541195 -0.424651265 0.047651321 0.998671412 0.019614704 -0.010838136 -0.122354351 -0.013653279 0.992392540 -0.013455257
0.990902603 -0.052432179 0.123947091 -0.438312531 0.051034696 0.998592675 0.014425303 -0.003683662 -0.124529012 -0.007968470 0.992183983 -0.013140521
0.990905404 -0.058689907 0.121086761 -0.447495937 0.057389222 0.998250842 0.014204345 0.003620259 -0.121708617 -0.007126086 0.992540300 -0.012408316
0.991127253 -0.057276949 0.119942330 -0.454379171 0.055260047 0.998270094 0.020077374 -0.010132349 -0.120884813 -0.013271214 0.992577851 -0.011343418
0.990897417 -0.050056905 0.124966413 -0.461068869 0.047872402 0.998644590 0.020424835 -0.019505143 -0.125819445 -0.014256475 0.991950691 -0.016479876
0.989776611 -0.047400761 0.134519368 -0.474846810 0.045473065 0.998814583 0.017368460 -0.013199974 -0.135183185 -0.011073888 0.990758717 -0.019564355
0.988919914 -0.048381682 0.140344799 -0.489570707 0.046565887 0.998783946 0.016195202 -0.007880859 -0.140957683 -0.009480478 0.989970207 -0.015833551
0.988369286 -0.049685858 0.143727124 -0.506972671 0.047940478 0.998728633 0.015583669 -0.012042628 -0.144318670 -0.008512073 0.989494681 -0.014901319
0.988075256 -0.050181396 0.145564646 -0.516868412 0.048794091 0.998723090 0.013087543 -0.013168537 -0.146035522 -0.005828783 0.989262164 -0.018392021
0.986707687 -0.053228304 0.153540447 -0.548150003 0.053450175 0.998566926 0.002685445 -0.010780697 -0.153463349 0.005557014 0.988138735 -0.019487720
0.986574709 -0.056669366 0.153163061 -0.562274337 0.057255160 0.998359382 0.000586946 -0.009114220 -0.152945057 0.008190311 0.988200784 -0.021718748
0.986838579 -0.059168495 0.150494933 -0.569093704 0.059825778 0.998208821 0.000160346 -0.013164145 -0.150234848 0.008845240 0.988610744 -0.027037086
0.986299276 -0.058076665 0.154404923 -0.585232794 0.058842860 0.998267174 -0.000392732 -0.020053981 -0.154114559 0.009472978 0.988007545 -0.030636424
0.985604048 -0.057752270 0.158900216 -0.604275703 0.059965979 0.998158336 -0.009168030 -0.016034877 -0.158078089 0.018564653 0.987252057 -0.028627940
0.985680282 -0.064022273 0.155998573 -0.617642343 0.067619979 0.997551262 -0.017860277 0.001153070 -0.154473111 0.028153142 0.987595797 -0.033195723
0.985745311 -0.069659539 0.153146267 -0.635082662 0.073121496 0.997176707 -0.017083660 -0.001652458 -0.151523858 0.028038420 0.988055825 -0.032288313
0.985960007 -0.070788778 0.151234254 -0.647492111 0.074232839 0.997091830 -0.017242799 0.000111764 -0.149573848 0.028227257 0.988347530 -0.036118794
0.985589981 -0.069644727 0.154149190 -0.658998668 0.072472863 0.997288287 -0.012797106 -0.002611664 -0.152839944 0.023784336 0.987964690 -0.036974657
0.985234439 -0.067441970 0.157367915 -0.668527544 0.070313171 0.997443557 -0.012743378 0.003451355 -0.156106174 0.023620253 0.987457812 -0.038312890
0.984441876 -0.066761285 0.162533417 -0.682318509 0.069355994 0.997538447 -0.010336377 0.006886617 -0.161443248 0.021448229 0.986648917 -0.037906013
0.983864009 -0.064948693 0.166713268 -0.693188906 0.066861525 0.997744918 -0.005880884 0.010541462 -0.165955365 0.016932692 0.985987902 -0.041690916
0.982588887 -0.063649043 0.174550429 -0.713577926 0.064584166 0.997912228 0.000323527 0.017192909 -0.174206600 0.010955298 0.984648168 -0.032639463
0.981987298 -0.062120449 0.178443328 -0.729182661 0.062921457 0.998017788 0.001172611 0.018999429 -0.178162470 0.010076423 0.983949482 -0.028461780
0.981869221 -0.059467588 0.179990083 -0.740909874 0.059623245 0.998210609 0.004549938 0.023186956 -0.179938585 0.006264148 0.983657897 -0.030571396
0.981081069 -0.057669546 0.184808552 -0.758755922 0.056366559 0.998334348 0.012300976 0.026764274 -0.185210109 -0.001651233 0.982697546 -0.019834910
0.981058240 -0.060172409 0.184130549 -0.775041878 0.058632657 0.998184204 0.013800519 0.027710743 -0.184626609 -0.002743050 0.982804894 -0.014007051
0.982060313 -0.061976034 0.178091392 -0.778192759 0.059608888 0.998048186 0.018617120 0.028255086 -0.178897604 -0.007667304 0.983837843 -0.015285317
0.981980264 -0.061720140 0.178620696 -0.789933026 0.058468960 0.998014629 0.023414066 0.029520402 -0.179711193 -0.012548385 0.983639359 -0.011216792
0.981815696 -0.062586784 0.179222852 -0.803390920 0.058957495 0.997934461 0.025510792 0.033788845 -0.180449307 -0.014480367 0.983477712 -0.002964783
0.982734263 -0.070023842 0.171260089 -0.823020935 0.065503098 0.997341871 0.031913895 0.037862252 -0.173039585 -0.020144813 0.984708846 0.008558089
0.981968403 -0.072186336 0.174720466 -0.841932952 0.066513613 0.997057199 0.038115956 0.029515488 -0.176957756 -0.025807373 0.983880043 0.021001836
0.982082546 -0.071621932 0.174310550 -0.848543108 0.066223569 0.997133374 0.036599047 0.031132547 -0.176432148 -0.024399823 0.984010339 0.027509851
0.981883526 -0.069998935 0.176082030 -0.858328462 0.064084664 0.997179747 0.039060477 0.027950598 -0.178319618 -0.027068680 0.983600199 0.036263425
0.981317282 -0.070599765 0.178975120 -0.863601685 0.064023420 0.997052968 0.042265166 0.020875484 -0.181431577 -0.030016940 0.982945383 0.042818844
0.979901910 -0.072887145 0.185687259 -0.875066161 0.065768458 0.996854544 0.044220876 0.023259196 -0.188326314 -0.031119758 0.981613338 0.055092532
0.979391217 -0.071983203 0.188709497 -0.890189767 0.065068364 0.996971369 0.042593591 0.018352961 -0.191203982 -0.029436773 0.981108844 0.072135627
0.979949236 -0.073845185 0.185057908 -0.895179927 0.068219073 0.996998966 0.036595855 0.017167304 -0.187204957 -0.023237601 0.982046008 0.079733171
0.979796708 -0.075027093 0.185389653 -0.904116869 0.069665268 0.996946454 0.035278063 0.016118726 -0.187470362 -0.021650109 0.982031643 0.090890028
0.979273975 -0.075670190 0.187873632 -0.920230329 0.070245944 0.996902287 0.035373550 0.004788103 -0.189968377 -0.021443035 0.981555998 0.104990102
0.979602218 -0.074381880 0.186672986 -0.927821279 0.070077352 0.997103393 0.029562348 0.001020088 -0.188331187 -0.015877793 0.981977224 0.115651570
0.979265451 -0.075446695 0.188007772 -0.935019374 0.071544975 0.997059226 0.027463218 0.000399326 -0.189526886 -0.013442772 0.981783509 0.126609251
0.978762984 -0.079777457 0.188834712 -0.941503763 0.075933076 0.996733129 0.027517941 -0.007380364 -0.190413132 -0.012594741 0.981623232 0.140100539
0.978435397 -0.082089245 0.189540207 -0.947932422 0.079114392 0.996595025 0.023221551 -0.016078981 -0.190801084 -0.007725432 0.981598318 0.154069275
0.978124797 -0.084141746 0.190242201 -0.954126775 0.082294241 0.996452570 0.017605072 -0.015672462 -0.191048652 -0.001564121 0.981579304 0.163615152
0.977579892 -0.090100035 0.190314248 -0.962777555 0.088903785 0.995929778 0.014832065 -0.011869413 -0.190875992 0.002420127 0.981611192 0.174410090
0.977555871 -0.097472623 0.186771393 -0.968838811 0.095250607 0.995234787 0.020856306 -0.023887297 -0.187914312 -0.002598119 0.982181966 0.186060160
0.977635980 -0.102840915 0.183443919 -0.974873722 0.100171447 0.994685888 0.023784935 -0.029535575 -0.184915140 -0.004877166 0.982742369 0.197820514
0.977360427 -0.105240002 0.183551565 -0.978284597 0.101799592 0.994408190 0.028093645 -0.033133253 -0.185481742 -0.008772144 0.982608557 0.209766045
0.976119876 -0.107164338 0.188959688 -0.981728435 0.102154508 0.994113863 0.036084428 -0.042842001 -0.191714406 -0.015919643 0.981321633 0.220475510
0.974899948 -0.106991321 0.195251048 -0.983938158 0.101503357 0.994111896 0.037929267 -0.047787495 -0.198159486 -0.017158603 0.980019569 0.232918277
0.973378956 -0.109812595 0.201183066 -0.988991499 0.103739925 0.993778884 0.040516242 -0.052287124 -0.204380676 -0.018566938 0.978715360 0.245293900
0.971854866 -0.113581270 0.206391513 -0.992455065 0.106838673 0.993321598 0.043563042 -0.060291205 -0.209961087 -0.020286355 0.977499247 0.257602185
0.970106363 -0.116223752 0.213039234 -0.997126639 0.109118149 0.993016243 0.044854965 -0.067532107 -0.216764644 -0.020267639 0.976013482 0.269863188
0.968808174 -0.116527960 0.218705133 -1.001931667 0.109873727 0.993041277 0.042388141 -0.073138215 -0.222122625 -0.017036034 0.974869907 0.283509493
0.967954576 -0.116839945 0.222288847 -1.001512051 0.110195309 0.993017614 0.042107668 -0.078705885 -0.225656599 -0.016263124 0.974071145 0.287742496
0.965978682 -0.117229067 0.230526552 -1.008882284 0.110093243 0.992963493 0.043623812 -0.085318290 -0.234018430 -0.016760254 0.972087681 0.302174836
0.964444518 -0.117233008 0.236861080 -1.013496041 0.110900566 0.993028939 0.039931946 -0.090667337 -0.239891261 -0.012244118 0.970722556 0.312931746
0.963377416 -0.116693653 0.241425991 -1.018720746 0.111013763 0.993128181 0.037044920 -0.092046574 -0.244089872 -0.008886633 0.969711900 0.322630703
0.962807477 -0.116648726 0.243710503 -1.022271514 0.110369362 0.993112862 0.039312653 -0.095456041 -0.246617809 -0.010952344 0.969050944 0.331476629
0.961226881 -0.118120208 0.249179557 -1.026169419 0.110900849 0.992906570 0.042866487 -0.104892924 -0.252475411 -0.013570197 0.967508137 0.342264861
0.959980249 -0.117598392 0.254182160 -1.029660583 0.111060061 0.993009388 0.039974663 -0.108034223 -0.257106245 -0.010145400 0.966329873 0.354506731
0.958724439 -0.119842775 0.257847220 -1.035020351 0.113398768 0.992753029 0.039775915 -0.112211443 -0.260745496 -0.008894587 0.965366602 0.365511775
0.957655370 -0.121880643 0.260847211 -1.038521647 0.114481457 0.992475390 0.043434463 -0.121009223 -0.264178276 -0.011733079 0.964402497 0.374839425
0.955854654 -0.123200864 0.266764760 -1.042214632 0.115203604 0.992299914 0.045486890 -0.126732081 -0.270314693 -0.012746593 0.962687671 0.388521165
0.953610003 -0.124887399 0.273918003 -1.048480511 0.117321856 0.992123246 0.043897822 -0.130837277 -0.277242690 -0.009724839 0.960750699 0.403997570
0.951631844 -0.127563030 0.279507637 -1.055924416 0.120850146 0.991815627 0.041194446 -0.135712355 -0.282474935 -0.005423410 0.959259331 0.416239232
0.949687600 -0.131636292 0.284192473 -1.060238838 0.125665039 0.991296887 0.039227344 -0.143513963 -0.286882848 -0.001540663 0.957964420 0.428568065
0.947525859 -0.134554908 0.289982229 -1.066671729 0.130338773 0.990889907 0.033897679 -0.145158693 -0.291901559 0.005677000 0.956431508 0.441252977
0.945936024 -0.139512658 0.292816043 -1.071281075 0.137078047 0.990137815 0.028924936 -0.152090400 -0.293963611 0.012777517 0.955731213 0.453346312
0.944306135 -0.143401399 0.296178937 -1.076958537 0.142664477 0.989474773 0.024218909 -0.160665274 -0.296534598 0.019384142 0.954825401 0.463824987
0.942101359 -0.146462694 0.301651597 -1.082848787 0.147315398 0.988886297 0.020052591 -0.167838678 -0.301236093 0.025546348 0.953207314 0.475329757
0.938960969 -0.151472211 0.308882564 -1.092765093 0.155566841 0.987758636 0.011482660 -0.181975946 -0.306840748 0.037270114 0.951030850 0.486622989
0.937170804 -0.155302733 0.312397122 -1.098847628 0.165224671 0.986241341 -0.005370649 -0.178569674 -0.307264864 0.056648925 0.949936390 0.494895965
0.936167359 -0.161089852 0.312475175 -1.102380872 0.170784488 0.985301435 -0.003714869 -0.181405187 -0.307283789 0.056843646 0.949918687 0.500282168
0.933274746 -0.166849434 0.318055868 -1.107647777 0.173800379 0.984758735 0.006611802 -0.194730848 -0.314311445 0.049107600 0.948048949 0.511662126
0.930243790 -0.166264266 0.327112615 -1.110496879 0.172578216 0.984946609 0.009848582 -0.204075947 -0.323825896 0.047290929 0.944934070 0.523697793
0.926963925 -0.165074900 0.336880058 -1.116758108 0.172553733 0.984968901 0.007844232 -0.206254467 -0.333111256 0.050858587 0.941514909 0.534187734
0.924593329 -0.168929309 0.341452956 -1.120114446 0.178299874 0.983968079 0.004001094 -0.203471303 -0.336654723 0.057181627 0.939890385 0.545831978
0.922234595 -0.175071135 0.344722211 -1.125507474 0.183943197 0.982911348 0.007079966 -0.210331693 -0.340070903 0.056879923 0.938678026 0.556651831
0.920755148 -0.177628770 0.347358614 -1.128615141 0.186456427 0.982429504 0.008138696 -0.216654450 -0.342701048 0.057273492 0.937697053 0.567579925
0.918544769 -0.177096710 0.353429347 -1.134350181 0.183892056 0.982838690 0.014555659 -0.229661524 -0.349941760 0.051622827 0.935347974 0.574272811
0.914879918 -0.178843200 0.361952811 -1.138394952 0.183635890 0.982760787 0.021426238 -0.236989617 -0.359544963 0.046865091 0.931950152 0.585884929
0.911334097 -0.180926159 0.369778186 -1.140810132 0.185945347 0.982305765 0.022355191 -0.240503252 -0.367279857 0.048385493 0.928851068 0.600270987
0.909748495 -0.180466130 0.373884499 -1.140783191 0.187245086 0.982140005 0.018447040 -0.244504169 -0.370535970 0.053225860 0.927291811 0.607139051
0.906763077 -0.183306217 0.379709780 -1.145417809 0.190543562 0.981498778 0.018795822 -0.253244966 -0.376130104 0.055307891 0.924914718 0.617338181
0.903777480 -0.185624942 0.385654807 -1.146852374 0.194316700 0.980796635 0.016702121 -0.258537352 -0.381349266 0.059844159 0.922491968 0.628855526
0.900070667 -0.186869442 0.393640161 -1.150781989 0.195871353 0.980471909 0.017585015 -0.273211598 -0.389239252 0.061275072 0.919096410 0.642998099
0.896681786 -0.189220726 0.400196582 -1.153178930 0.201072603 0.979495287 0.012600509 -0.274959296 -0.394374937 0.069169901 0.916342735 0.653126001
0.894004107 -0.192351922 0.404669434 -1.153594494 0.204598859 0.978756487 0.013229266 -0.279314578 -0.398617536 0.070967883 0.914367318 0.662488580
0.890641570 -0.194673374 0.410925686 -1.155601501 0.206579849 0.978303432 0.015723092 -0.287290454 -0.405070841 0.070885323 0.911533237 0.676318109
0.888159513 -0.197097763 0.415120631 -1.153009295 0.208253697 0.977895319 0.018737856 -0.292914271 -0.409637719 0.069808200 0.909573376 0.684608221
0.884472132 -0.199961439 0.421573818 -1.156302691 0.211028799 0.977258682 0.020791071 -0.297543764 -0.416144073 0.070575088 0.906555712 0.701342106
0.881931245 -0.202426091 0.425700575 -1.158626556 0.213858232 0.976631463 0.021347033 -0.305469573 -0.420073777 0.072212957 0.904612243 0.713916361
0.878825486 -0.203606695 0.431520611 -1.163740873 0.214129120 0.976494193 0.024653779 -0.311901301 -0.426397055 0.070734762 0.901766121 0.727563560
0.875513971 -0.204271123 0.437891126 -1.165232658 0.212760016 0.976637661 0.030200455 -0.321030557 -0.433830023 0.066724792 0.898520589 0.743186116
0.871403694 -0.205223739 0.445576966 -1.167116523 0.214659989 0.976233244 0.029828127 -0.329286516 -0.441108525 0.069655180 0.894746602 0.760749221
0.869091868 -0.208942384 0.448355228 -1.168034792 0.221102059 0.974910855 0.025743421 -0.327698857 -0.442485243 0.076758847 0.893484712 0.767938554
0.865904987 -0.216905594 0.450733393 -1.169902802 0.229437590 0.972936749 0.027431479 -0.332325876 -0.444485098 0.079662107 0.892237067 0.782659829
0.863103390 -0.226834670 0.451218992 -1.171243906 0.240339443 0.970283568 0.028048843 -0.336133003 -0.444172829 0.084236652 0.891972363 0.793438315
0.861666858 -0.234138563 0.450232625 -1.170960546 0.246198490 0.968672156 0.032566331 -0.342212260 -0.443752825 0.082785256 0.892317235 0.801447570
0.858275414 -0.240347773 0.453427315 -1.172493935 0.248469621 0.967701197 0.042629652 -0.350523949 -0.449028075 0.076074921 0.890273213 0.812916994
0.854179621 -0.244565919 0.458873272 -1.173751831 0.250751734 0.966834366 0.048526943 -0.355523854 -0.455522478 0.073612534 0.887175560 0.827799678
0.849150240 -0.255630821 0.462165296 -1.179252505 0.261040539 0.963844180 0.053499572 -0.360456228 -0.459131479 0.075214691 0.885178566 0.850504100
0.846832454 -0.263191730 0.462174177 -1.180174232 0.266463846 0.962001145 0.059589066 -0.365890861 -0.460295439 0.072690733 0.884784818 0.862798572
0.844299078 -0.266534925 0.464885145 -1.181511641 0.266639352 0.961465716 0.066986062 -0.375856251 -0.464825243 0.067400403 0.882833362 0.875079334
0.841602027 -0.269103527 0.468283474 -1.182091713 0.267854691 0.960856259 0.070775002 -0.379932225 -0.468998909 0.065867513 0.880739212 0.885605514
0.838404298 -0.273573995 0.471418679 -1.182663202 0.273384690 0.959317386 0.070505045 -0.379823923 -0.471528471 0.069766901 0.879086733 0.895818353
0.836138487 -0.278755188 0.472406596 -1.184027910 0.277874708 0.957812428 0.073355123 -0.380377918 -0.472925037 0.069934815 0.878322840 0.905546844
0.834125996 -0.282766223 0.473578990 -1.184794903 0.278011203 0.957089067 0.081794299 -0.390808672 -0.476385951 0.063433506 0.876945078 0.917605102
0.831225872 -0.282488316 0.478815079 -1.185334682 0.274969429 0.957460523 0.087527968 -0.399863213 -0.483172178 0.058903985 0.873541653 0.927221417
0.821284533 -0.279395640 0.497423172 -1.190353632 0.268051326 0.958622575 0.095871225 -0.405140251 -0.503627062 0.054597382 0.862194240 0.949437737
0.812766552 -0.285946012 0.507587969 -1.194181442 0.272744358 0.956643879 0.102191195 -0.409442872 -0.514802039 0.055384129 0.855518281 0.970939755
0.808711529 -0.284914196 0.514596462 -1.194361210 0.267675281 0.957283795 0.109351002 -0.420358419 -0.523770571 0.049311332 0.850430965 0.978714943
0.802036047 -0.281657964 0.526694477 -1.196825743 0.264683574 0.958119333 0.109316081 -0.421208918 -0.535425842 0.051731914 0.842996418 0.990478635
0.790640712 -0.269119769 0.549965322 -1.204694986 0.256430835 0.961197138 0.101701915 -0.428731292 -0.555995047 0.060618371 0.828972220 1.013059735
0.784673810 -0.264000773 0.560883760 -1.207951307 0.253707945 0.962302864 0.098007359 -0.431042582 -0.565614104 0.065396838 0.822072983 1.020325541
0.776671231 -0.261771262 0.572937727 -1.213473201 0.257464945 0.962037444 0.090530127 -0.426525086 -0.574885726 0.077199221 0.814583778 1.035309792
0.770840049 -0.260806769 0.581193089 -1.219376206 0.264314145 0.961053967 0.080705456 -0.425610512 -0.579606414 0.091406532 0.809753776 1.047523737
0.768809855 -0.264396280 0.582259417 -1.222971678 0.269487053 0.959679544 0.079949565 -0.421759427 -0.579920769 0.095445342 0.809062481 1.043866038
0.759998322 -0.267828882 0.592174232 -1.226361990 0.270890772 0.958763599 0.085968032 -0.428423464 -0.590779841 0.095078945 0.801211119 1.065841436
0.752671123 -0.267471761 0.601618707 -1.232009649 0.278109819 0.957400620 0.077710986 -0.424264222 -0.596775591 0.108825266 0.794994295 1.076160073
0.746437669 -0.273114949 0.606827140 -1.238810778 0.288562745 0.954545557 0.074661411 -0.419401973 -0.599635243 0.119377591 0.791319549 1.083473086
0.741708875 -0.278345466 0.610239148 -1.242521524 0.293061495 0.952871263 0.078430101 -0.420254946 -0.603309989 0.120665267 0.788325429 1.095246911
0.737475336 -0.281610340 0.613861442 -1.247497082 0.297557861 0.951430202 0.078993395 -0.418686807 -0.606291652 0.124403581 0.785451651 1.107317328
0.735192657 -0.284941733 0.615060985 -1.251850247 0.302046359 0.950008154 0.079072997 -0.418749601 -0.606844127 0.127643019 0.784504652 1.121412277
0.731819034 -0.290885061 0.616300941 -1.256453753 0.309416682 0.947570086 0.079826251 -0.419422835 -0.607208610 0.132275388 0.783454537 1.129797339
0.729310989 -0.296991497 0.616361678 -1.260576606 0.316364139 0.945165992 0.081086189 -0.418916494 -0.606646001 0.135857642 0.783277392 1.139865398
0.726481736 -0.302992404 0.616781950 -1.265012264 0.324862897 0.942347467 0.080283113 -0.418180525 -0.605548024 0.142045319 0.783029199 1.151894331
0.726092815 -0.305992097 0.615758181 -1.269231558 0.326974064 0.941445112 0.082274593 -0.420791209 -0.604877949 0.141597942 0.783627987 1.161782146
0.723424077 -0.308622241 0.617583930 -1.274438381 0.331750095 0.939876914 0.081075490 -0.422266841 -0.605474532 0.146231562 0.782315075 1.174762845
0.723457277 -0.309294611 0.617208660 -1.280812263 0.334213525 0.939189196 0.078898683 -0.425462276 -0.604078591 0.149199620 0.782833695 1.185643911
0.724979281 -0.304483056 0.617814779 -1.284139633 0.330123782 0.940848827 0.076300547 -0.430912614 -0.604502559 0.148639038 0.782613039 1.194824576
0.725913763 -0.298622876 0.619575322 -1.289204121 0.325912982 0.942617834 0.072473034 -0.432610214 -0.605664909 0.149318472 0.781584322 1.201635361
0.724988341 -0.292355597 0.623634636 -1.293781996 0.320154727 0.944723964 0.070693441 -0.437974066 -0.609830201 0.148407638 0.778512836 1.214715242
0.725748837 -0.283409297 0.626871467 -1.299170136 0.316773057 0.946525693 0.061187182 -0.437978089 -0.610690951 0.154169485 0.776716352 1.222947121
0.728344798 -0.273337871 0.628331363 -1.303434253 0.308281153 0.949659050 0.055771209 -0.441928864 -0.611944973 0.153082013 0.775944114 1.228287339
0.726332188 -0.266056865 0.633762836 -1.307566285 0.302217573 0.951753795 0.053190723 -0.445402145 -0.617337942 0.152900115 0.771696448 1.238537312
0.724284053 -0.263674945 0.637093484 -1.313356638 0.307678252 0.950491190 0.043595258 -0.438067108 -0.617046773 0.164444461 0.769552708 1.245869756
0.724778652 -0.270669639 0.633588135 -1.317229271 0.315219402 0.947980106 0.044390280 -0.434718251 -0.612644017 0.167546123 0.772396028 1.250858903
0.723940372 -0.276274443 0.632125616 -1.319230318 0.315562844 0.947440863 0.052687287 -0.440614820 -0.613457799 0.161332905 0.773072600 1.260864377
0.721493483 -0.276243418 0.634930611 -1.320639610 0.313482493 0.947929442 0.056200914 -0.445899189 -0.617394567 0.158490986 0.770522356 1.269513845
0.718860686 -0.276783556 0.637675583 -1.323914766 0.316747457 0.946973741 0.053960767 -0.441479951 -0.618797481 0.163191855 0.768412709 1.275811315
0.716381013 -0.284136593 0.637232065 -1.327037573 0.323511541 0.944479108 0.057441484 -0.438032448 -0.618173599 0.165001929 0.768528342 1.283391476
0.713699818 -0.289342970 0.637897611 -1.327340245 0.325298518 0.943444371 0.063981280 -0.442778260 -0.620333433 0.161843702 0.767458856 1.293632627
0.710441113 -0.294285685 0.639272630 -1.331124902 0.334664553 0.940362930 0.060969148 -0.437731206 -0.619090617 0.170626849 0.766559422 1.301008582
0.709088862 -0.300854981 0.637714148 -1.332803726 0.339364648 0.938381851 0.065354019 -0.440925926 -0.618081450 0.170075804 0.767495632 1.308481097
0.707318604 -0.298352957 0.640847862 -1.333817482 0.335475385 0.939649761 0.067191154 -0.446586788 -0.622219145 0.167463109 0.764721811 1.314409733
0.703385115 -0.297444850 0.645581841 -1.338729739 0.338574499 0.938784599 0.063645497 -0.441677213 -0.624993324 0.173810259 0.761034369 1.317055941
0.698816657 -0.304758132 0.647130370 -1.343548536 0.348340750 0.935164034 0.064241305 -0.436070561 -0.624751091 0.180528983 0.759667933 1.323384881
0.699128985 -0.310118675 0.644239962 -1.347317696 0.350016057 0.934137344 0.069829613 -0.437701106 -0.623464048 0.176674396 0.761629045 1.328876376
0.699295521 -0.311014682 0.643627048 -1.350046635 0.345371634 0.935324311 0.076725721 -0.441683829 -0.625862837 0.168636546 0.761483729 1.330636382
0.696764052 -0.309680820 0.647006750 -1.354209661 0.340118468 0.936791241 0.082107276 -0.442020923 -0.631537318 0.162849516 0.758050621 1.335610151
0.694557667 -0.308532476 0.649921060 -1.358854175 0.337430596 0.937552631 0.084472463 -0.441614032 -0.635397673 0.160632268 0.755292654 1.341611981
0.692744076 -0.309662461 0.651317835 -1.363302708 0.335991502 0.937701821 0.088459022 -0.442743152 -0.638134360 0.157557726 0.753631353 1.344530821
0.688995719 -0.313547850 0.653431475 -1.367946744 0.339305341 0.936218500 0.091469988 -0.443914175 -0.640434921 0.158690378 0.751438975 1.348831177
0.685327053 -0.319702506 0.654306650 -1.373577356 0.347862899 0.933064640 0.091552198 -0.443354785 -0.639779806 0.164865792 0.750667095 1.352975965
0.683098495 -0.323555350 0.654742956 -1.379330873 0.350986898 0.931630254 0.094197787 -0.449186087 -0.640456557 0.165459841 0.749958932 1.355701804
0.680489838 -0.326754600 0.655869722 -1.385856628 0.352499217 0.930673897 0.097930789 -0.451481491 -0.642400146 0.164552629 0.748494864 1.354689240
0.675959468 -0.328408867 0.659716964 -1.391772270 0.350235075 0.930813789 0.104503624 -0.455880821 -0.648393631 0.160415813 0.744212687 1.358893871
0.668159246 -0.332854271 0.665410697 -1.406715870 0.354878247 0.928632617 0.108180024 -0.457699805 -0.653930247 0.163858294 0.738597155 1.362983346
0.659829855 -0.343254715 0.668431640 -1.421935678 0.362905115 0.924511969 0.116522692 -0.462048560 -0.657969952 0.165692061 0.734589458 1.370929718
0.658876717 -0.347992897 0.666920125 -1.432079315 0.365672290 0.922934294 0.120316662 -0.463506520 -0.657392800 0.164600328 0.735351264 1.369999766
0.656683743 -0.349929661 0.668068647 -1.438480258 0.361429900 0.923508167 0.128456488 -0.472172230 -0.661917567 0.157104686 0.732927859 1.376847267
0.655073762 -0.346783459 0.671282172 -1.446756721 0.360331297 0.924294889 0.125858545 -0.476805091 -0.664108276 0.159437269 0.730438232 1.383906603
0.655330658 -0.345674813 0.671603024 -1.458287358 0.364219666 0.923554897 0.119959809 -0.481638759 -0.661729395 0.165997684 0.731135428 1.384098887
0.654735267 -0.345192194 0.672431469 -1.466797352 0.367250979 0.922840774 0.116153456 -0.486355871 -0.660642385 0.170901358 0.730988562 1.387819648
0.656204939 -0.344142824 0.671536148 -1.477743626 0.371445268 0.921972871 0.109519221 -0.489670575 -0.656828344 0.177571863 0.732833385 1.389873028
0.659709454 -0.343618989 0.668363333 -1.488884091 0.374221087 0.921448708 0.104359552 -0.493966311 -0.651722431 0.181268618 0.736477852 1.391291499
0.663381636 -0.340620041 0.666260362 -1.498984814 0.371055067 0.922947943 0.102397591 -0.500658333 -0.649802327 0.179290563 0.738655448 1.392170787
0.668009162 -0.334614277 0.664678216 -1.511724710 0.364623427 0.925810397 0.099623561 -0.504518270 -0.648701429 0.175807774 0.740458012 1.392755628
0.673216522 -0.328844517 0.662299633 -1.521718502 0.355691582 0.929255486 0.099838644 -0.509151340 -0.648276925 0.168361366 0.742557406 1.394676805
0.677993715 -0.322405279 0.660590172 -1.530844927 0.341718853 0.933909357 0.105078824 -0.517284334 -0.650809288 0.154493317 0.743356586 1.396395445
0.679143071 -0.315997452 0.662503064 -1.538265944 0.330384046 0.937586844 0.108523294 -0.524267912 -0.655447304 0.145177558 0.741156101 1.400355577
0.680359244 -0.307866156 0.665078759 -1.548272848 0.325101018 0.940096855 0.102602199 -0.526426494 -0.656826258 0.146411404 0.739691138 1.404213548
0.683066130 -0.305097908 0.663578153 -1.559066057 0.319784969 0.941783488 0.103833869 -0.531509757 -0.656626463 0.141276926 0.740866065 1.399828196
0.681241035 -0.307091415 0.664534032 -1.566787601 0.317912161 0.941797376 0.109314300 -0.536621451 -0.659425914 0.136794060 0.739219069 1.402086258
0.680538535 -0.308821678 0.664452136 -1.575653553 0.323275089 0.940354824 0.105953157 -0.536445439 -0.657541335 0.142695606 0.739781976 1.403730035
0.681828439 -0.309729487 0.662704825 -1.583410501 0.320886821 0.940761864 0.109538898 -0.544110298 -0.657374859 0.137966484 0.740826309 1.401794791
0.679071665 -0.309715241 0.665536046 -1.588054419 0.316743225 0.941518724 0.114962012 -0.550740361 -0.662220120 0.132736579 0.737458825 1.404626966
0.676360190 -0.302228361 0.671710432 -1.596451044 0.310634166 0.943917513 0.111920319 -0.555071235 -0.667864740 0.132957771 0.732310653 1.404568791
0.673137665 -0.300653458 0.675642908 -1.606614351 0.310929835 0.944011211 0.110297412 -0.553164959 -0.670975745 0.135832146 0.728931606 1.402562022
0.670922041 -0.302132487 0.677185178 -1.613634109 0.310189307 0.943841100 0.113783099 -0.556041479 -0.673532724 0.133715972 0.726961970 1.405353308
0.667987108 -0.300451607 0.680824578 -1.621518850 0.306745559 0.944703519 0.115941234 -0.560392141 -0.678012073 0.131392643 0.723212004 1.407523394
0.665320039 -0.300483108 0.683417261 -1.631939650 0.305919111 0.944769561 0.117575556 -0.560175478 -0.681001246 0.130845025 0.720497608 1.406153440
0.662068486 -0.302609205 0.685633302 -1.640789390 0.306592703 0.944162428 0.120657593 -0.561858475 -0.683861256 0.130326569 0.717877984 1.409759045
0.659549832 -0.304414630 0.687259614 -1.649866343 0.307101548 0.943660080 0.123265140 -0.565024495 -0.686063230 0.129758969 0.715877056 1.411218643
0.656696737 -0.301460981 0.691281974 -1.658873558 0.302377582 0.944976985 0.124845326 -0.571552813 -0.690881550 0.127042621 0.711718321 1.414283276
0.653012276 -0.299445450 0.695634544 -1.673116207 0.306325912 0.944459498 0.118998595 -0.568747640 -0.692632258 0.135383293 0.708471596 1.412549257
0.650682271 -0.305007041 0.695401549 -1.686910391 0.316879749 0.941301227 0.116357937 -0.567132354 -0.690072298 0.144646630 0.709138632 1.413669944
0.651101351 -0.307530940 0.693896174 -1.697591186 0.319136560 0.940417290 0.117333435 -0.574359238 -0.688635588 0.145051658 0.710451305 1.416863084
0.650084674 -0.306247413 0.695415318 -1.710082054 0.314814329 0.941495776 0.120323323 -0.581483960 -0.691579282 0.140706331 0.708463073 1.414464474
0.646848261 -0.304891199 0.699019790 -1.722837925 0.315000027 0.941576838 0.119197294 -0.581367850 -0.694523096 0.143088683 0.705098093 1.416099429
0.646633863 -0.302870363 0.700095892 -1.734920025 0.315177053 0.941872835 0.116357192 -0.582875192 -0.694642425 0.145413622 0.704504669 1.418937683
