0.8565045907016033 0.36579033019477136 -0.3641391498357175 1.3013 0.515472895780805 -0.570382602817493 0.6394930649494908 0.8587 0.026221743314095047 -0.7354326078840552 -0.6770903185236274 1.5166
0.8722986126922676 0.3478949698282892 -0.3436047442386667 1.3112 0.48829792393311083 -0.5828382376925048 0.6495111439891617 0.8507 0.02569567624639857 -0.7343491530952218 -0.6782853776771038 1.5186
0.8820509790435701 0.33039793035446097 -0.33589176528424813 1.319 0.47078338374718376 -0.5897834725119314 0.6561390562520417 0.8446 0.018683574492897287 -0.7368803587891706 -0.6757649449882052 1.5203
0.8895646962216698 0.31486656914029176 -0.33095875101569694 1.3263 0.45666514861114815 -0.5947664816821728 0.6615963832363106 0.8375 0.011471411421710515 -0.7396701128917075 -0.6728718531895671 1.5226
0.9013501393626472 0.2915302523757339 -0.3202780639080317 1.337 0.4330565553323123 -0.5973407824341835 0.675015562431437 0.8274 0.005472307981855634 -0.7471238863740458 -0.6646622843630389 1.5265
0.9098920679037834 0.2732691315548754 -0.312122422304168 1.3454 0.4148450545140212 -0.5995039803744044 0.6844695451665507 0.819 -7.423635202566392e-05 -0.7522758531645756 -0.6588482641962974 1.5298
0.9156302114886767 0.25637875763940005 -0.3096631208918471 1.3531 0.40197666741087396 -0.5953619264541177 0.6956715714948319 0.8097 -0.0060062189810703714 -0.7614552574906285 -0.6481896452223159 1.5335
0.9210968691794442 0.23607169084492813 -0.30959766531652466 1.3627 0.38905048305142526 -0.5884133933978516 0.7088084368201879 0.7957 -0.01484180667165641 -0.7733303532460383 -0.6338295397999997 1.5391
0.9240358304946568 0.2261604523386248 -0.30823567892124115 1.3693 0.3818692666589506 -0.5845286594976797 0.7158925264361969 0.7843 -0.018266010604539057 -0.7792160778781675 -0.6264891514086741 1.5435
0.9243762112426717 0.2149733219516006 -0.3151429690437927 1.3762 0.3807296189836279 -0.5717408778578832 0.7267443331838773 0.768 -0.02394947425779878 -0.7917694357800068 -0.6103503774451069 1.5488
0.9207415521479784 0.2154449667855391 -0.32529749527918195 1.38 0.3893349758497097 -0.5619363228264614 0.7298259009300648 0.7538 -0.025559161336737718 -0.7986307252886361 -0.601278383027953 1.5526
0.9161400906674594 0.21776177493179616 -0.3365518439265681 1.383 0.3999657213310628 -0.5525697830833108 0.7312277733944365 0.739 -0.026734921580994303 -0.8045162796375326 -0.5933285765629711 1.5562
0.9075399275617231 0.22482925673276638 -0.3547154989540976 1.385 0.4191660136213817 -0.5370297026455468 0.7320511945903752 0.7191 -0.025906232956998065 -0.8130503697763303 -0.5816166807275651 1.5602
0.8976771170102852 0.23563967392868584 -0.3723570029781711 1.3859 0.43996165914081736 -0.5266226575772571 0.7273941950636714 0.7035 -0.024688703533444628 -0.8167879287777519 -0.5764095309073124 1.5632
0.8888410151227377 0.2425564424452689 -0.3887518772480413 1.3858 0.4575924573567498 -0.5141034898375474 0.7254700164080292 0.6887 -0.02389127049347345 -0.8227174326372027 -0.5679482663315893 1.566
0.876922398515438 0.25278067657524605 -0.4087897216566144 1.3841 0.48006661870714373 -0.5019021938706971 0.7194652384868023 0.6691 -0.023305548374181667 -0.8271614820202535 -0.5614808403472344 1.5694
0.8630815386739713 0.2629175811623331 -0.4312361338245193 1.3814 0.5042845409179176 -0.4960297389775977 0.7068603821413546 0.6549 -0.02805992500659732 -0.8275438620191469 -0.5606993820605298 1.5717
0.8468828982055754 0.2723778032497898 -0.4567271494270337 1.3781 0.5305008274670164 -0.4922534453723155 0.6901126122423034 0.6416 -0.03685415558300115 -0.8267386998416753 -0.561377674476248 1.5737
0.8238694428085092 0.2814420095535868 -0.49196497483544044 1.372 0.563917233341838 -0.4941624025737937 0.6616652279080283 0.6246 -0.056890202552669744 -0.822553290152641 -0.5658353026390113 1.5762
0.8058251013609861 0.29836849934481313 -0.5114901217181822 1.3666 0.5891958727274671 -0.4902290368439106 0.6422800907672681 0.6128 -0.05911116288379886 -0.8189332879018998 -0.5708363516706947 1.5783
0.7900169895253758 0.3153475245541407 -0.525765247062639 1.36 0.610603506009147 -0.4817892993687075 0.6285240086608844 0.6014 -0.055104579760669126 -0.8175787483609059 -0.5731740359768703 1.5803
0.7677712849164169 0.32819747931896553 -0.5502850794147263 1.3515 0.6383018155116151 -0.4663967948275556 0.6124090316848367 0.5868 -0.05566009676932332 -0.8214380343904588 -0.5675751133412823 1.5823
0.7478203217957842 0.3424618092763311 -0.5687571322598355 1.3436 0.6619956096893628 -0.4495042528490616 0.5997564000680744 0.577 -0.050265087896660454 -0.8250247486335116 -0.5628566292413657 1.5831
0.7277455450984441 0.3588731803577223 -0.5844625411515281 1.3354 0.6845604201922766 -0.4322597976679753 0.5869655002010037 0.5676 -0.04199348396527475 -0.8272614506550964 -0.560245517219445 1.5837
0.6946459309497226 0.37883360842175573 -0.6115162530506815 1.3241 0.7184458912489881 -0.40801204822289217 0.563348621949506 0.5547 -0.036090607676242004 -0.8306691673795964 -0.5555953585141324 1.5847
0.6692016233789122 0.3948533770738153 -0.6294918568817489 1.3153 0.7422754233426042 -0.39464285758926343 0.5415572092173996 0.5461 -0.03458877229082408 -0.8296672981184591 -0.5571855985793511 1.5848
0.6392934346134267 0.41301485983454544 -0.6486313513977093 1.3065 0.7682453687701857 -0.37947881170965037 0.5155529893489056 0.5372 -0.03321080883280825 -0.8278976730365185 -0.5598950662020412 1.5847
0.5937423747536696 0.4336969826078436 -0.6777735017679021 1.2955 0.8043403364588912 -0.34345450404932887 0.4848459825485066 0.5257 -0.022508122246649276 -0.833034171523042 -0.5527634697660913 1.5851
0.5712333821184931 0.4446996141328262 -0.6898801898471817 1.2885 0.8206796498377585 -0.3230880330991145 0.4712738431213 0.5176 -0.013316737424833414 -0.8353779839439517 -0.549514593478733 1.5849
0.5528428816135068 0.46143250736913355 -0.6938622265207328 1.2814 0.8332706032970204 -0.3111130641714621 0.4570216220080441 0.5103 -0.004984970440618186 -0.8308361465685508 -0.5564947867004938 1.5841
0.5136782869470153 0.4777877292431611 -0.7126384099273935 1.2726 0.8579065414728764 -0.2749487481754351 0.4340501721861299 0.5003 0.0114448074351447 -0.8343393024791683 -0.5511324203141632 1.5832
0.48929339074798 0.48173089976251626 -0.7269988431795069 1.2669 0.8718762706846361 -0.25051887330915695 0.42079931408328364 0.4933 0.02058510110239936 -0.8397473633956271 -0.5425869693262979 1.5825
0.4677955958883367 0.4943147791141146 -0.7326801345859186 1.2619 0.8833039629148366 -0.23269477070807004 0.40697328264158006 0.4866 0.0306820723944905 -0.8375595756926683 -0.545483792242351 1.5814
0.42297894594220287 0.5053576829987145 -0.7521319189635509 1.2558 0.9051576966977761 -0.19701250464343179 0.3766637985298007 0.4771 0.04217055131723485 -0.8401188518586475 -0.5407605379031535 1.5791
0.3983249867088351 0.512275339911646 -0.7608621301404175 1.2523 0.915625982536378 -0.17281562489946173 0.36299286479888404 0.4703 0.05446342871779869 -0.8412542635309588 -0.5378893929269151 1.577
0.3734763972643562 0.5251177222058039 -0.7647004371071227 1.2498 0.9246761781222999 -0.14490140472454008 0.3521044568334678 0.4632 0.07409012282061056 -0.8386029815915531 -0.5396811030286159 1.5744
0.33946176038390063 0.5426693161645274 -0.7682940365059376 1.2482 0.9360667516030158 -0.11462759365280445 0.33262524155082573 0.4542 0.09243781574897186 -0.8320880530730455 -0.5468863887067107 1.5701
0.31387586702586734 0.5569195817272938 -0.7689749798188861 1.2478 0.9439117488619688 -0.09557110139885092 0.31606451072170394 0.4479 0.10253072934052304 -0.8250495403708233 -0.5556803986778674 1.5663
0.27608955802227564 0.567957437794564 -0.775370172759372 1.2485 0.9544207318247049 -0.06684146930988413 0.2908836273214608 0.4417 0.11338263806359056 -0.8203392998231462 -0.5605245851444975 1.562
0.23108523806899936 0.5742960662391301 -0.7853557417176337 1.2509 0.9661471179984258 -0.040278050422964756 0.2548282265320329 0.4348 0.11471424989917267 -0.8176562278588635 -0.5641621521457146 1.5564
0.20481348199237842 0.5825407347578976 -0.7865734103959312 1.2541 0.9731358938224944 -0.03485551242806778 0.22757773486804722 0.4309 0.10515688160292724 -0.8120538070849155 -0.5740301774736605 1.5515
0.17290673210357665 0.5845331741249943 -0.7927321302562556 1.2577 0.9804493858299791 -0.02539406873871508 0.19512596725835873 0.4272 0.09392690678862275 -0.8109723235846291 -0.5774959970085236 1.5464
0.14548075961758125 0.5866292645311313 -0.7966815264437572 1.2647 0.9861885330743485 -0.021549186710146134 0.16421878633334097 0.4236 0.0791677068870621 -0.8095688596702536 -0.5816620458981736 1.5403
0.14711704905100276 0.5864573791349554 -0.796507574563283 1.2704 0.9871943434007684 -0.036845263353627394 0.15520874629326664 0.4218 0.06167578322202821 -0.8091416248263098 -0.5843679737437607 1.5353
0.15266147688787068 0.5857020300360701 -0.7960198524446735 1.2765 0.9871960486603301 -0.052686655291891094 0.150559217132609 0.4198 0.04624321554395611 -0.8088122454351067 -0.5862459523530847 1.5305
0.16467494296128699 0.587115018375238 -0.792576884825025 1.2848 0.9859197991521307 -0.07430690170051377 0.1498019826287113 0.4165 0.0290570611129104 -0.8060858760441807 -0.5910848057948763 1.5234
0.1800270163882702 0.5899288094849434 -0.787130404132641 1.291 0.983464212005409 -0.09191283924832987 0.1560454218677707 0.4134 0.019708299645513405 -0.8022069743657106 -0.5967206659770504 1.5181
0.19798110999647273 0.5897935216586593 -0.7829093701662035 1.2965 0.9801140024703837 -0.10818179790758457 0.16635276001006877 0.4091 0.013417236900701679 -0.8002751404429351 -0.5994828415751291 1.5128
0.2203368061870934 0.5914290982364762 -0.7756695904819654 1.3033 0.9753846356607431 -0.12646080894246525 0.1806446133118198 0.4022 0.008746676867866454 -0.7963788580573984 -0.6047348262527661 1.5058
0.23566001870038314 0.5915414840342001 -0.7710661633431669 1.3077 0.9718240365594164 -0.13957723229987762 0.1899374586248544 0.3955 0.004732605149106339 -0.7941012963659753 -0.6077670059804008 1.5009
0.24607300713114738 0.5884807862526424 -0.7701548151981564 1.3113 0.9692510824826324 -0.14993080804833953 0.19512327360983306 0.3876 -0.0006436362948751828 -0.7944879590084699 -0.6072795638936619 1.4962
0.25530227301653663 0.5915560670868728 -0.7647758945503583 1.3154 0.9668573528558341 -0.15845792608745815 0.20019476738584024 0.3752 -0.002758372925991348 -0.7905393760925339 -0.6124050017970365 1.4901
0.26549515413769464 0.5893820401134501 -0.7629817389171965 1.317 0.9641120728125062 -0.1626999733897445 0.2098014054198606 0.3649 -0.00048392827366233737 -0.7913011622957996 -0.6114263948855512 1.4856
0.2698587966094401 0.5819131704389385 -0.7671722700685992 1.317 0.9628914386622068 -0.15974207529098727 0.2175374605275015 0.3539 0.004038222818338044 -0.7974080081435295 -0.6034270140663558 1.4814
0.28349212639314636 0.5839193369669174 -0.7607038991547286 1.3167 0.9589073295632168 -0.16321309103101 0.23207373876861503 0.3383 0.01135550892881837 -0.7952356222103097 -0.6061941583228502 1.4763
0.2950805585924849 0.5813101537262809 -0.7582914803131278 1.3148 0.9554236607851921 -0.1715039531395251 0.24031650477929584 0.3264 0.009648437830491241 -0.7954023505322592 -0.6060049574179966 1.4724
0.30887266320134704 0.58260094624885 -0.7517804302832394 1.3123 0.9510912229478745 -0.18519855912993338 0.24723870920168212 0.3145 0.0048128534597070005 -0.7913770473839521 -0.611309418637922 1.4687
0.32650921073546524 0.5800888750307944 -0.7462497118059146 1.3084 0.9451880975480289 -0.19759060494532285 0.2599565600073962 0.2987 0.003345976455562172 -0.7902245566311189 -0.6128082526685734 1.4651
0.34028052976540857 0.5824032899785685 -0.7382516975156321 1.3042 0.9403235711824933 -0.21147705926167357 0.2665877620683981 0.2873 -0.0008617082888855987 -0.7849100975450463 -0.6196090672598737 1.462
0.3612914787336098 0.5784360336258959 -0.7313550590497222 1.2997 0.9323599998519968 -0.23517366809492957 0.27458728395677784 0.2758 -0.013164272500440721 -0.7810922486095462 -0.6242768625310543 1.4588
0.37982230398302286 0.5744418887583562 -0.7250872594638247 1.2931 0.9245134755114386 -0.26264869376511646 0.2762073446909734 0.2601 -0.03177815279068846 -0.7752626523335235 -0.6308390990593411 1.4559
0.39293269757431737 0.585796755512107 -0.7088342940408983 1.288 0.9187582358113332 -0.28241854253438337 0.2759040973990801 0.2484 -0.03856422313254154 -0.7596590867384154 -0.6491770734013488 1.4545
0.4156127197384698 0.587124934965601 -0.6946584613558172 1.2823 0.908415846237581 -0.305941893096908 0.2849214073261964 0.2369 -0.0452406619762834 -0.7494557150291933 -0.6605069369159031 1.4536
0.4418935935685501 0.5848862672279587 -0.6801750556814166 1.2746 0.8953733778457995 -0.33414564003723496 0.2943691653164611 0.2206 -0.055105047029074095 -0.7390904854293903 -0.6713484103948352 1.4545
0.45758397698518083 0.5798359037157935 -0.6740973436889621 1.2684 0.8870234197624031 -0.35027983286876596 0.3008213614064687 0.2079 -0.061695678936513565 -0.7355911659662033 -0.674610465196801 1.4565
0.47591896341624446 0.5730220049776534 -0.6671933168671563 1.2614 0.8765205214526991 -0.37131090149614904 0.30633313549533925 0.1948 -0.07220052446551917 -0.7305983823151455 -0.6789794459520825 1.4586
0.49958631911332096 0.5590894358426719 -0.6616891358364028 1.251 0.8616309410082903 -0.39960527638308285 0.31290213259734684 0.1762 -0.0894741932177695 -0.7264534574326991 -0.6813660858394013 1.4633
0.5132944164102107 0.542493829291209 -0.6650032234982486 1.2421 0.8512086670865991 -0.42060965383798005 0.3138969961228516 0.1614 -0.10941959220704561 -0.7271780829200333 -0.6776720361369418 1.4678
0.5296408385070543 0.533763285155605 -0.6592248005084766 1.2329 0.8388773176193537 -0.44466184304378464 0.31394377096012394 0.1462 -0.12556045623245587 -0.7192861744540909 -0.6832729842968304 1.4734
0.5511670196008432 0.5199800987501084 -0.6525608120383504 1.2193 0.8227275577505269 -0.46900381929251533 0.3211771835091764 0.1262 -0.13904776956922832 -0.7139020341705584 -0.6863013939844226 1.4819
0.5581873761390439 0.5102873248689417 -0.6542428442077981 1.2086 0.8181853735741089 -0.46951782874281883 0.33185192927271845 0.1112 -0.13783884644179895 -0.720527483563763 -0.6795885504044825 1.4895
0.5602756798547068 0.5110175885452661 -0.6518835684082909 1.1984 0.8179603867361658 -0.465340391362912 0.33822939833289756 0.0962 -0.13050658333497217 -0.72271664182001 -0.6787110484901797 1.4976
0.5634735279982174 0.5177627545248636 -0.6437540782566489 1.1848 0.8184487086184759 -0.45590288969814086 0.349705971532706 0.0773 -0.11242461743760196 -0.7239297515586096 -0.6806514674944132 1.5097
0.5701125709948645 0.5206045127207146 -0.6355647864131972 1.1748 0.8153142579984582 -0.4537740879544456 0.35965502610909594 0.0641 -0.10116480167552883 -0.7232288838507063 -0.683158593934097 1.5194
0.5771212952512635 0.5158757132268419 -0.6330902455971039 1.1653 0.811251531789525 -0.45120690635133726 0.37186459878564 0.0517 -0.09381877603472222 -0.7282064104109172 -0.6789060767880885 1.5298
0.5818606591661241 0.5152117617121379 -0.6292813471796526 1.1537 0.8086607691933769 -0.4489314817552387 0.38016875865412864 0.0354 -0.08663679173618405 -0.7300803827542008 -0.6778471074181405 1.544
0.5850577243826488 0.5156992199742905 -0.6259087582532336 1.1456 0.8069353664124717 -0.4472642096826874 0.3857590454800651 0.024 -0.08101094724150837 -0.7307592224904379 -0.677811319743337 1.5549
0.589605256162063 0.5175280216403569 -0.6201051432806268 1.1373 0.8041083342998864 -0.44835141554581126 0.39037263593588356 0.0133 -0.075996240798678 -0.7287974718638134 -0.6804989466482545 1.5651
0.5952243807393831 0.5214894656742777 -0.6113564212177491 1.1264 0.8007790745742933 -0.44818480982179787 0.39734525285818717 -0.0004 -0.06678929777558501 -0.7260710112900493 -0.6843683776058688 1.578
0.5984695358143381 0.5264520712870591 -0.6038894197944983 1.1181 0.7991214055231581 -0.4458243456859896 0.40329348126191095 -0.0102 -0.0569139168996724 -0.7239398244545083 -0.6875114083649179 1.587
0.6038322843597557 0.5323698489604046 -0.5932696825919519 1.1096 0.7957193198103257 -0.4465468071146939 0.4091780946437198 -0.0195 -0.047088602076000685 -0.7191510918948454 -0.6932563527159197 1.5951
0.6072697566991865 0.551317267954794 -0.5720775407699317 1.0978 0.7939754040431042 -0.44717640404552444 0.41186930140458794 -0.0313 -0.028748919511877913 -0.7043312670326198 -0.7092890566666905 1.6046
0.6048626181301366 0.5695527540412421 -0.5565526691632994 1.0888 0.7962160597227123 -0.4443633886314596 0.41058636738645454 -0.0394 -0.013461033704542935 -0.6914845184152736 -0.7222658522757408 1.6115
0.6069578567167854 0.5776392048075748 -0.5458343239839716 1.0795 0.7947284338497959 -0.44372890694193756 0.41413931662517156 -0.0471 -0.002979362417882603 -0.6851551694422119 -0.7283910468877256 1.6179
0.6129889714076519 0.5803192140594056 -0.5361661409731716 1.0666 0.7900550670544984 -0.4437037182087917 0.4230130039008323 -0.0561 0.007583663633183857 -0.6829030826121428 -0.730469621411275 1.6261
0.6211297129543024 0.5798880401212899 -0.5271885247324669 1.057 0.7835289003007287 -0.44511544207399145 0.4335374327792302 -0.0619 0.016743418970935897 -0.6823504262119019 -0.730833465140725 1.6319
0.633102499820242 0.5723848021697757 -0.5211111810030823 1.0472 0.7735836750400693 -0.4440446623696105 0.4520980375234549 -0.067 0.027377407343663895 -0.68934750022476 -0.7239133245776138 1.6373
0.652036936912558 0.5682357680342115 -0.5019521340011004 1.0335 0.7570525039634394 -0.45174156225481316 0.4720180792875071 -0.0726 0.041464914619175536 -0.6877773425013 -0.7247364955606099 1.6424
0.6654352847841799 0.5663396435492585 -0.4862666859951401 1.0226 0.7445297158729409 -0.45680254685469046 0.4868335807739913 -0.076 0.05358529599018136 -0.6859962400272811 -0.7256292267557017 1.6455
0.6802671690140776 0.5576738266052828 -0.47564322961752914 1.0117 0.7303191588670888 -0.4606308776836594 0.5044334651032281 -0.0789 0.06221338242886673 -0.6905208886368339 -0.7206319430908936 1.648
0.7027977122820663 0.5410083366828113 -0.4619365272965454 0.9964 0.70781431423638 -0.4667668258359177 0.5302146988354298 -0.0822 0.07123392571785842 -0.6995989636490038 -0.7109761021919532 1.6499
0.7188239072983176 0.5353066608027698 -0.4435526678947701 0.9846 0.6902092275531179 -0.47328116937220854 0.5473720461607472 -0.0843 0.08308677690768948 -0.6996082572539173 -0.7096794162755664 1.6497
0.7323886900710898 0.5301948037953332 -0.42720051110032775 0.9727 0.6742502177213829 -0.47735313083703745 0.5634896914609404 -0.0863 0.0948338049359021 -0.7007335146177227 -0.7070919960888208 1.6488
0.7499841081183529 0.514315647978137 -0.4159365959070531 0.9555 0.6534323149486252 -0.47843161422589026 0.5866254344043471 -0.0888 0.10271342342069467 -0.7117461659566824 -0.6948865719634847 1.6459
0.7575381696211325 0.5114101600708612 -0.4057037955742598 0.9422 0.6449173641480819 -0.4900782549343534 0.5864340520986051 -0.0909 0.10108172429947443 -0.705891600896905 -0.7010702766455372 1.6416
0.7624941275606278 0.5087665578891051 -0.3996990055144356 0.9283 0.6401803238999614 -0.5038453634480613 0.5799215486798461 -0.0927 0.09365819946431492 -0.6980662141269713 -0.7098814706467127 1.6359
0.7694852041965023 0.5023242023875218 -0.39441465010621335 0.9095 0.6332555535801776 -0.519887158256547 0.5733277828082243 -0.0949 0.08294530958727808 -0.6909325136188568 -0.71814506698981 1.6278
0.7768119658904349 0.49340842287735254 -0.39129438774805025 0.8953 0.6246311474073643 -0.524785888129397 0.5783041598577688 -0.0965 0.07999437066442494 -0.6936482536948564 -0.7158582267516933 1.6216
0.7869103103597842 0.485402590243538 -0.3809940797890858 0.8814 0.6119880745708355 -0.5348533578447822 0.5825825968781106 -0.0979 0.07901113866126647 -0.6916040854325729 -0.7179422184134491 1.6146
0.7997208565869087 0.4878339817447396 -0.34994936461575965 0.8633 0.5950994900818841 -0.5670284667536847 0.5695044466861053 -0.0993 0.0793923701887172 -0.6636992723711835 -0.7437742449223279 1.6037
0.8100542697514764 0.47933926250060893 -0.33770690173991824 0.8502 0.5811942665493142 -0.5801385130226103 0.5706597324484352 -0.1005 0.07762283547775872 -0.6585386679104631 -0.7485329106185684 1.5962
0.8199851002048422 0.46368152931766293 -0.3355948074861832 0.8379 0.5679951344081356 -0.5866908335701841 0.5772134727233996 -0.1014 0.07075282842925076 -0.6639226650554687 -0.7444465945216656 1.589
0.8298420205658353 0.4523277256645254 -0.3267443182342575 0.8215 0.5551811603430467 -0.6105272932950007 0.5648276757932713 -0.1034 0.056000893772868765 -0.6501200294845855 -0.7577650342682761 1.5778
0.8319951131567515 0.4417340093459827 -0.3356414704270133 0.8089 0.5532679564214144 -0.6159689013247768 0.560782382924089 -0.1047 0.040971942601691985 -0.6522678725706723 -0.7568803883914373 1.5698
0.8338199302294709 0.42773819825221154 -0.3489761563603916 0.7964 0.5514990863025896 -0.6175573514201003 0.5607777416360247 -0.106 0.02435326999664722 -0.6600476887793358 -0.7508288531866152 1.5618
0.8422594265155412 0.4137634405935288 -0.34554142106832364 0.7803 0.5390143426568704 -0.6369964443704745 0.551088983984941 -0.1079 0.007911817483558098 -0.6504116735480522 -0.759540688874881 1.55
0.8487499633737804 0.4061901261312002 -0.33857507454998254 0.7681 0.5287806883969236 -0.6473371163259737 0.5489495800210147 -0.1095 0.0038056867293680963 -0.6449528969314677 -0.764212848287848 1.5411
0.8548789589727892 0.39875690326355695 -0.3319260423727828 0.7563 0.518806990605978 -0.6513238785625468 0.5537296377408468 -0.1114 0.004612158276634137 -0.6455773674114506 -0.7636809482251945 1.5331
0.8670366539943968 0.38045854343546565 -0.32171219646939836 0.7408 0.4982035269061614 -0.6537472265598652 0.5695680903487714 -0.1145 0.006378589849061644 -0.6541145622077591 -0.7563685960557123 1.5227
0.8736056057085135 0.3771208640893899 -0.30755991211979056 0.7292 0.48654898569641486 -0.665031955030646 0.5665708987460499 -0.1177 0.009128537256934577 -0.6446024764586223 -0.7644634177977125 1.5147
0.8763664822830618 0.3803384700906766 -0.29550708434806616 0.718 0.4814530512250214 -0.6744467189279278 0.5597540377643285 -0.1218 0.013592210891851891 -0.632822464437251 -0.774177615477634 1.5081
0.885544965720055 0.36749485651555386 -0.2841788945760736 0.7034 0.464263263192974 -0.6784641958945558 0.5693381748473972 -0.1272 0.01642364567561208 -0.636108375454817 -0.7714249143882738 1.5015
0.8923488885579127 0.3622516910901496 -0.2692344208896486 0.6929 0.45097375204903917 -0.6913795686882052 0.5644616611988122 -0.1322 0.018334013534120785 -0.6251143929736682 -0.7803177940076034 1.4976
0.8981394865751977 0.3592525308398429 -0.25354108491447247 0.6828 0.4391271972950298 -0.703130099828484 0.5592632361518124 -0.138 0.02264436464668415 -0.6136331817954059 -0.7892664638443687 1.4956
0.9069655524161435 0.3474580685282337 -0.2380890113909278 0.6696 0.42021038458261395 -0.7075840948521996 0.5681091280741098 -0.1462 0.028926102734584402 -0.6153028842178646 -0.7877598880710834 1.496
0.914716233451339 0.33470762678260096 -0.22641779266248988 0.6596 0.40291160623180416 -0.7125427645728071 0.5744084315351302 -0.1531 0.030926522990836397 -0.6166470734776092 -0.7866320213080553 1.4978
0.9217234281191068 0.32302928759252014 -0.2146578706076974 0.6496 0.3863811912317865 -0.716692931282635 0.5805693906087454 -0.1607 0.03369713813764735 -0.6180641727255943 -0.7854051064733151 1.5004
0.929968539562258 0.3111159980011087 -0.19587075129333414 0.6356 0.36553960515995587 -0.7256373616274264 0.5829504408351462 -0.172 0.039234072997135994 -0.6137240871907848 -0.7885451365127386 1.505
0.9361142927299961 0.2975349785835324 -0.18751791238683047 0.6246 0.3491135730296553 -0.7216446710231068 0.597786485218944 -0.1812 0.04254108688180956 -0.6250615212147105 -0.7794153902917658 1.5099
0.9432291666145808 0.28163121911412703 -0.17607553966367367 0.6137 0.32888351085027623 -0.7178557360031962 0.613611260146117 -0.1906 0.04641525113968026 -0.6366843791923908 -0.7697263317270887 1.5154
0.9513002389264977 0.269246055995935 -0.15011467865942424 0.5989 0.3026007938258818 -0.7226881761276065 0.6214133565198771 -0.204 0.058826992055811704 -0.636575495456735 -0.7689675048984046 1.5231
0.9574366331611667 0.257576487577933 -0.130266828195148 0.5881 0.28064167631219544 -0.7251722810133973 0.6287808937670634 -0.2138 0.06749328112997778 -0.6385761629569655 -0.7665932044477491 1.5299
0.9636044816892875 0.24125973277444063 -0.11515269953381493 0.5769 0.25731562897578203 -0.72023824013616 0.6442402847776323 -0.2231 0.07249186128881821 -0.6504234150053121 -0.7561046959645934 1.5378
0.9691943713261184 0.2250388569054893 -0.10009886848731211 0.5618 0.23511870268384888 -0.7243017981824875 0.6481559232143745 -0.2357 0.07335847761529246 -0.6517241886199139 -0.7549000700289283 1.5491
0.9714567690686182 0.21732735823301594 -0.09508188678302218 0.5501 0.22601273539168085 -0.7262417913932406 0.6492234622028895 -0.2447 0.07204158015709494 -0.6521822443131943 -0.7546312549391747 1.5581
0.9735427807608288 0.20981849514229678 -0.09050222718085715 0.5384 0.21713569155282825 -0.726078618842779 0.6524277206811787 -0.2536 0.07117967042877144 -0.6548175611233903 -0.7524276816824771 1.5674
0.9763151194654429 0.20008316522357397 -0.0823135134549251 0.5229 0.2036527885212274 -0.7214565146940044 0.661835356514827 -0.2653 0.0730364924589508 -0.6629232417103024 -0.7451163978665332 1.58
0.9787392195613496 0.19160795426243202 -0.07318423297272941 0.5115 0.19074320007869913 -0.7190974959240142 0.6682183946731415 -0.2739 0.07540936093203765 -0.6679709448914517 -0.7403568363057396 1.5888
0.9805431306699773 0.18468086331027905 -0.06654432825485225 0.4999 0.1809172136981222 -0.7186211128427603 0.6714556262064832 -0.2818 0.0761848454984815 -0.6704302162817564 -0.7380509429658427 1.5969
0.9823729964861991 0.17671798760344848 -0.060942994938825115 0.4838 0.17104904295509749 -0.7182887383834204 0.6743912167397345 -0.2912 0.07540239173177106 -0.67292796135169 -0.7358549029205328 1.6076
0.9839090251343735 0.16926602401496704 -0.05720177771093595 0.4716 0.16317290073280655 -0.7208519449019405 0.6736075103482231 -0.2976 0.07278485230848783 -0.6721022888260793 -0.7368723625087165 1.6153
0.9845796192343454 0.167213013830432 -0.05140798959397913 0.4588 0.1586421354039982 -0.7295965660803185 0.6652229127429892 -0.3038 0.0737268354319538 -0.6631203953804701 -0.7448729388074442 1.6227
0.9844944074803283 0.16912996979737682 -0.04653831707631431 0.4412 0.15631425699750068 -0.7254586324720462 0.6702802590193954 -0.3111 0.07960285609999479 -0.6671617689047588 -0.7406473920919432 1.6332
0.9845009172464453 0.17018576825705256 -0.04236446888212583 0.428 0.15379054058676012 -0.7216346752158725 0.6749754552219764 -0.3166 0.08429954665916001 -0.6710292093559258 -0.7366229609672924 1.6415
0.9851120654551203 0.16813463732459333 -0.03584636978096725 0.4149 0.1461242923656636 -0.7090823622653205 0.6898187404709055 -0.3214 0.09056439518585904 -0.6847867896330653 -0.7230941453701997 1.6503
0.9865643207669272 0.16238058612848166 -0.017982942981130054 0.3976 0.12738158268985494 -0.6956235976293559 0.7070231557824819 -0.3266 0.10229747494987095 -0.6998145151893912 -0.7069617181638039 1.6609
0.9869547499878266 0.16096709624157648 -0.003148873452824219 0.3845 0.11527293831880528 -0.69286093837693 0.7117976325914473 -0.33 0.1123942666145198 -0.7028750344115199 -0.7023775443685463 1.6685
0.9872442939669358 0.15914453634325154 0.004660534499175001 0.371 0.10602998003443836 -0.6790241975390424 0.7264184623826381 -0.3329 0.11877014508546796 -0.7166583256395972 -0.6872368564969621 1.6763
0.9889908475583467 0.14776138867511818 0.007979690634596866 0.3527 0.09325147494824357 -0.6642026116023856 0.7417135924064947 -0.336 0.11489676177247257 -0.7328038364783384 -0.6706692712334661 1.6854
0.9900863549434028 0.14017028523720673 0.009016700694055947 0.3384 0.08676207814829245 -0.6607976407223458 0.7455325746143966 -0.3373 0.1104597281830608 -0.737359321601281 -0.6664081926998068 1.6903
0.9905356236549362 0.1368625987456866 0.01038303111348967 0.3237 0.08224196408101458 -0.6523794594650384 0.7534170825062313 -0.3379 0.10988829607662326 -0.7454325388207047 -0.6574609436709492 1.6942
0.9910995304375432 0.13193346892902316 0.017756140989412014 0.3035 0.0708259322247008 -0.6355242694799041 0.7688254614842931 -0.3374 0.11271826866565814 -0.760724958627222 -0.6392121159917323 1.698
0.9917406646166972 0.12540739846104904 0.02689681313581934 0.2875 0.05853306295065071 -0.6291272602746109 0.7750953302149206 -0.3358 0.11412420727981712 -0.7671192050721931 -0.6312715663818224 1.6983
0.9917227085671916 0.12255991227652138 0.03827711084870308 0.2713 0.04863381925122948 -0.6344586349509513 0.7714252991451691 -0.3333 0.11883106049005562 -0.7631784250350282 -0.6351675925485036 1.6971
0.9910942004770309 0.12351411447419901 0.049764940534975446 0.2485 0.04047203495799896 -0.6354338075600854 0.77109395704807 -0.3284 0.12686331292833908 -0.7622126604402125 -0.6347736290186443 1.6943
0.9914261939613338 0.11844858825516352 0.055172763821490146 0.2306 0.032314893734369354 -0.6313776743862081 0.7748018972160555 -0.3236 0.12660904221373612 -0.7663759940310118 -0.6297920182113286 1.6913
0.992103390669162 0.11195558021738886 0.056540342065993204 0.2122 0.027857212892182702 -0.6362308422805928 0.7709956491581561 -0.3181 0.12228997470206346 -0.7633323413750494 -0.6343255463074567 1.6873
0.9918798132768039 0.11318393336385085 0.05799856241546202 0.187 0.030227133837176574 -0.6527748159476008 0.7569487169185013 -0.31 0.12353443404153469 -0.7490490216887432 -0.6508953884559134 1.6811
0.9916059092699717 0.11713935025723371 0.05473658120658698 0.1676 0.03434452154138789 -0.6467604621966349 0.761919522245813 -0.3034 0.12465221434441234 -0.7536439989547505 -0.6453545911346151 1.6773
0.9922106503937125 0.11551982619810947 0.046617539622386725 0.1483 0.03812360181090571 -0.6378584422496769 0.7692094634335822 -0.2966 0.11859433473083662 -0.7614405934844652 -0.6372939716989139 1.673
0.9933238399813213 0.10899433985911534 0.037788659720050896 0.1235 0.040709405977559746 -0.637694902877177 0.7692125552208714 -0.2876 0.10793745035767872 -0.7625388152239488 -0.6378746444930541 1.6656
0.9939895642117037 0.10521640807008 0.030236628632468357 0.1059 0.041965884887591995 -0.6213100036275906 0.782440249410704 -0.2803 0.10111187241777682 -0.7764685356568634 -0.6219911594155157 1.6594
0.9951342505489533 0.09515843868379824 0.025547894857200097 0.0897 0.03784938058633054 -0.6086033553321415 0.7925713723493236 -0.2731 0.09096838887000167 -0.7877479466337699 -0.6092437318517732 1.6517
0.9971604548771589 0.06923148292085891 0.029631554156959544 0.0709 0.017558492938718025 -0.5963798574376089 0.8025102896339826 -0.2631 0.07323063945439091 -0.7997112400205943 -0.5959020104260639 1.6385
0.9975661633104419 0.05695877806599177 0.04021750140565568 0.0583 -0.00021378565498254842 -0.5742901451312618 0.8186518084636522 -0.2555 0.06972592139067468 -0.8166679415811199 -0.5728802397359137 1.6274
0.9968498633009075 0.05806857649891621 0.054022129357807015 0.0474 -0.014663110825241115 -0.5344604764645506 0.8450662650219876 -0.2484 0.07794448805328583 -0.8431963232371658 -0.5319253869307576 1.6148
0.9957944708603237 0.05752059724154493 0.07130745190359852 0.0347 -0.03294582524373217 -0.5014351705731614 0.8645677199105192 -0.2389 0.08548651591343223 -0.8632810380202037 -0.4974313068070224 1.5946
0.9943807503511582 0.0631830504001264 0.08494012875668877 0.0267 -0.04356017417158049 -0.48708142849270464 0.8722695645519498 -0.2312 0.09648541111074435 -0.8710680709104437 -0.4815921316665682 1.5784
0.9932939846992348 0.07441692084604229 0.08848266413320664 0.0196 -0.043649782489124454 -0.46729936496824837 0.8830209510475523 -0.2225 0.10705959297964897 -0.880961648082404 -0.4609173658682934 1.5619
0.9928695521637566 0.08212956735503263 0.0863989962454201 0.0118 -0.038012508813061924 -0.46881643545726714 0.8824773079342485 -0.2102 0.11298274894813742 -0.8794690921295738 -0.4623516134165696 1.5383
0.9936179024036023 0.0840639073821593 0.07521119264251247 0.0066 -0.026072469396055703 -0.47755804091153337 0.8782132678913078 -0.2011 0.10974374862677655 -0.8745693666235869 -0.4723184652339573 1.5206
0.9945329175947972 0.09451848880248723 0.04439066450138123 0.0022 0.007498252396274434 -0.48864440046368124 0.8724508158667119 -0.192 0.10415398231168049 -0.8673482029554125 -0.48668166474466085 1.5035
0.9936716977722697 0.11204886884497639 0.007849078731733614 -0.002 0.04775026225844812 -0.48464154228817186 0.873408545837967 -0.1802 0.10166842922276854 -0.8675065570236942 -0.48692494700956895 1.4831
0.9912376468587438 0.129462498252875 -0.026218104356814313 -0.0043 0.08507215393810727 -0.47385952008993276 0.8764815365108781 -0.1717 0.10104779104102893 -0.8710319263759873 -0.4807210492161392 1.4698
0.9882617376973017 0.1424677906888023 -0.05515130478747911 -0.0068 0.11738502303154376 -0.4771033064962824 0.8709725548478542 -0.1636 0.09777266576806497 -0.8672227877232968 -0.48822652763040253 1.4578
0.98696815224398 0.1448367509206164 -0.07011549071968946 -0.0107 0.13284215125032992 -0.48746507237312764 0.8629778479587095 -0.1529 0.0908120548566544 -0.86104594465047 -0.5003529273359869 1.4446
0.9856186382000941 0.14979037588724672 -0.07822239656357671 -0.0156 0.14153486743258933 -0.4788445796056594 0.8664154603209241 -0.1466 0.09232432687776004 -0.8650264226449021 -0.4931587034543058 1.4376
0.9841373122459127 0.1608565854587362 -0.07482586157170007 -0.0221 0.14252449818571222 -0.46570494011910174 0.8733874719536426 -0.1409 0.1056433531382919 -0.8701977175695305 -0.48124361219083006 1.4323
0.9881696256235338 0.14384666889250114 -0.05318765687240519 -0.0329 0.11633781111105235 -0.4770972725681798 0.8711163563002898 -0.1334 0.0999315000434531 -0.8669984592584553 -0.48818783981427705 1.4271
0.9914164485825759 0.12604933286583042 -0.034712982643268685 -0.0438 0.0931353958481872 -0.49456153845330786 0.864138115536457 -0.1282 0.09175632686694835 -0.8599537489695458 -0.5020560985717725 1.4245
0.991600606581856 0.12615470933479345 -0.028517123612824234 -0.0575 0.08694217929406485 -0.486921686285399 0.8691077774848079 -0.123 0.09575643313163876 -0.8642871402130414 -0.493800004836238 1.4239
0.99202108088504 0.120144209361865 -0.03820397932793955 -0.0789 0.09069443991267091 -0.469600121379423 0.8782085427558529 -0.1158 0.08757107769466015 -0.8746662763347196 -0.47674963177138596 1.4236
0.9939149773486258 0.09687444373479366 -0.05242480284326227 -0.0964 0.09150746003574776 -0.4612553640689468 0.8825360467853023 -0.1104 0.0613139670865183 -0.8819630555010212 -0.46731334901906624 1.423
0.9939593457501181 0.07442233151330595 -0.08066061968594467 -0.1157 0.10558025340720771 -0.44778048075021676 0.8878881974379288 -0.1048 0.029960458715894495 -0.8910409404910798 -0.4529331223064889 1.4219
0.9889364468198508 0.05639641693534524 -0.1372011235674941 -0.1428 0.1480234342797327 -0.43555222569926866 0.8879095233144235 -0.0982 -0.009683339060558571 -0.8983950705815721 -0.43908146180335395 1.4197
0.9836062312961855 0.044325578426372414 -0.1747970962358425 -0.1624 0.17668178460888032 -0.4308640932173311 0.8849517953896858 -0.0936 -0.03608779215657423 -0.9013275632494407 -0.4316321292305396 1.4164
0.9794222818222151 0.026189328567840703 -0.2001152491424168 -0.1805 0.19157406803491575 -0.43258098176340637 0.8810068505256705 -0.0888 -0.06349307306092002 -0.9012146321968888 -0.4286966484444537 1.4117
0.976175496512744 -0.003571193458132796 -0.21695309766256587 -0.2026 0.19341976179516623 -0.43882015392342827 0.8775110644645572 -0.0832 -0.09833715348330668 -0.8985678155197323 -0.4276747422480048 1.4034
0.9777306716955849 -0.02401408903993489 -0.20848514851970276 -0.2171 0.17635496819379498 -0.44449719649236347 0.8782489211515121 -0.0799 -0.11376141181906105 -0.8954582993294615 -0.43036353858444226 1.3959
0.9830658562026615 -0.046022587412560136 -0.17737937821624344 -0.2299 0.1381633715184733 -0.4497340256818729 0.8824115756916524 -0.0779 -0.12038440571426268 -0.8919760241126606 -0.43575952917749733 1.3878
0.9896128729967202 -0.08085097233049787 -0.1188674971234379 -0.2443 0.07068226902618935 -0.44635951000683577 0.8920578482765381 -0.0772 -0.12518138217996655 -0.8911937545223657 -0.43600838690997973 1.3763
0.9908067479645898 -0.11622176100634594 -0.06924225918049004 -0.2543 0.01220793792954937 -0.4329270637106387 0.9013462840431492 -0.0778 -0.13473290035972144 -0.893905285684937 -0.4275282280565683 1.3674
0.9870000001800081 -0.16015266944416812 -0.01349526267141965 -0.2633 -0.05906104507661982 -0.43951163906702645 0.8962930949634015 -0.0801 -0.14947505677911976 -0.8838442405732599 -0.4432567718674539 1.3564
0.9673263018864868 -0.2374128798215782 0.0889660057181297 -0.2743 -0.18866731939197148 -0.439652892269425 0.8781286790172481 -0.0839 -0.16936489681176925 -0.8662219454700707 -0.47007985801774615 1.3419
0.9432482708586738 -0.2921207559815018 0.15794987637512709 -0.2833 -0.27292681779099837 -0.4109442445253648 0.8698481361835274 -0.0884 -0.1891921025111809 -0.8635915074942974 -0.4673500364086063 1.3314
0.9164268953840273 -0.3454060750164218 0.20212963354872723 -0.2934 -0.33870106834246233 -0.4003663415824333 0.8514624940838984 -0.093 -0.2131744161959108 -0.8487646528158721 -0.4838958900526891 1.3206
0.8763978611061418 -0.40776055987415677 0.25623839458538206 -0.3076 -0.4213510658403585 -0.39156807298718843 0.8180083884241615 -0.0986 -0.2332167840524639 -0.8248671226495902 -0.5149797681540627 1.3077
0.8534992909688381 -0.4366256852228019 0.2844239288797788 -0.32 -0.4597426529260664 -0.3740027186927364 0.8054555602210121 -0.1018 -0.24530726323570834 -0.8182175611743865 -0.5199465060846609 1.2994
0.8352197795571137 -0.4621058649317051 0.2981041586967331 -0.3344 -0.4844904485103075 -0.36190436207766963 0.796425914954703 -0.1037 -0.260147890898326 -0.8096192946718079 -0.5261555592752745 1.2925
0.8246622720773554 -0.4745327909457211 0.3078161258437867 -0.3551 -0.5002426893149895 -0.35788843967014394 0.7884625016685171 -0.1035 -0.2639874784892652 -0.8041980446803721 -0.5325186533194358 1.2861
0.8162322709271477 -0.47480575778449385 0.3291266811910031 -0.3711 -0.517961321099269 -0.3490954403542561 0.7809279373725646 -0.1021 -0.2558924573765542 -0.8078934743507715 -0.530873981618263 1.2837
0.8034032201520277 -0.4829209374513376 0.34832547139202097 -0.3879 -0.5421773692275053 -0.3514826596315309 0.7632192609439875 -0.1003 -0.24614419787371322 -0.8020269996387069 -0.5442111039878178 1.2834
0.7975462783500266 -0.4790449655831133 0.3666549533819167 -0.4105 -0.5580154453554766 -0.35489541750759945 0.7501119952226039 -0.0957 -0.22921321217318796 -0.8028481572387025 -0.5503600092518249 1.2867
0.7975648475383392 -0.468632720429279 0.3798337627360142 -0.4272 -0.5624234461613941 -0.3500236281060609 0.7491083546292961 -0.0908 -0.2181058944161918 -0.8110899044560492 -0.5427365711930512 1.2912
0.79793233686125 -0.46477346024677946 0.3837832935933769 -0.4439 -0.5643182360167593 -0.35233816172487875 0.7465940987519701 -0.0852 -0.2117756225113691 -0.8123074851572949 -0.5434221519843975 1.2961
0.798926020286728 -0.46233810599869357 0.384656586906232 -0.4656 -0.5648902078955591 -0.3573187469223288 0.7437891946792241 -0.0757 -0.20643707790153137 -0.8115212805832004 -0.5466415132681376 1.3022
0.799396071290352 -0.46379547276770244 0.3819158030845723 -0.4816 -0.5648975560118473 -0.36375603132950796 0.7406566686955892 -0.0673 -0.20458903298415645 -0.8078213348950306 -0.5527820714088133 1.3061
0.8003579193836092 -0.46924470982117106 0.37314421231580785 -0.4962 -0.562887225294383 -0.3739208566385379 0.7371167916762527 -0.059 -0.20636175149559652 -0.7999953720338302 -0.563402371528664 1.3105
0.7971856167791509 -0.47630405988821184 0.37098454810739956 -0.5152 -0.5652229002255352 -0.3728530246028272 0.7358693464910454 -0.0471 -0.2121748464382132 -0.7963134210714587 -0.5664510305051889 1.317
0.7930903363371146 -0.4839900850392191 0.36981254169161454 -0.5288 -0.5692901146191474 -0.3730882130140426 0.7326076376252889 -0.0375 -0.21660213250473942 -0.7915546619745967 -0.5714234273292279 1.3219
