0.8565045907016033 0.36579033019477136 -0.3641391498357175 1.3013 0.515472895780805 -0.570382602817493 0.6394930649494908 0.8587 0.026221743314095047 -0.7354326078840552 -0.6770903185236274 1.5166
0.8565046191215515 0.36579033732414246 -0.3641391694545746 1.301300048828125 0.5154728889465332 -0.5703827142715454 0.639492928981781 0.8587002158164978 0.026221618056297302 -0.7354325652122498 -0.6770904660224915 1.5166001319885254
0.8642525672912598 0.35374248027801514 -0.3576783835887909 1.313489317893982 0.5026730298995972 -0.5794472098350525 0.6415299773216248 0.8558300733566284 0.019680630415678024 -0.7342392206192017 -0.6786055564880371 1.51986563205719
0.8744890093803406 0.33566704392433167 -0.3501380681991577 1.3210197687149048 0.4849228858947754 -0.5888023376464844 0.6466541290283203 0.8486502170562744 0.010898306034505367 -0.7352818846702576 -0.6776738166809082 1.5248669385910034
0.8834549784660339 0.31879863142967224 -0.34332895278930664 1.3315268754959106 0.46848416328430176 -0.5925498008728027 0.655291736125946 0.842823326587677 0.0054665361531078815 -0.739764928817749 -0.6728432178497314 1.529909372329712
0.8932022452354431 0.2995307743549347 -0.3353671431541443 1.3420331478118896 0.449655145406723 -0.5952648520469666 0.6659353971481323 0.8342822194099426 -0.0001641849084990099 -0.7456145286560059 -0.6663774847984314 1.5345125198364258
0.9021853804588318 0.2792189419269562 -0.32878318428993225 1.3504706621170044 0.43129903078079224 -0.5954833626747131 0.6777762770652771 0.825673520565033 -0.006536995992064476 -0.753283679485321 -0.6576632261276245 1.5407469272613525
0.9071228504180908 0.2626645565032959 -0.3288396894931793 1.360195517539978 0.4206446707248688 -0.591178297996521 0.6881614923477173 0.815680742263794 -0.013647288084030151 -0.7625716328620911 -0.6467597484588623 1.545964241027832
0.911091685295105 0.24813009798526764 -0.3291557729244232 1.368679404258728 0.4117884039878845 -0.5837309956550598 0.699777364730835 0.8029125928878784 -0.018502630293369293 -0.7731038331985474 -0.6340095400810242 1.5498018264770508
0.9135003685951233 0.23679238557815552 -0.3308270573616028 1.3760206699371338 0.4061768352985382 -0.5771617889404297 0.7084522843360901 0.7902830243110657 -0.02318466082215309 -0.7815456390380859 -0.6234170794487 1.5551649332046509
0.910956859588623 0.23212167620658875 -0.3409944176673889 1.3813996315002441 0.4116537868976593 -0.5645322203636169 0.7154331207275391 0.775880753993988 -0.026434844359755516 -0.7921002507209778 -0.6098182797431946 1.5582681894302368
0.9060181975364685 0.23273131251335144 -0.35350698232650757 1.3862885236740112 0.4223769009113312 -0.5504633188247681 0.720130443572998 0.7611832022666931 -0.026995770633220673 -0.8017644286155701 -0.5970301628112793 1.5597929954528809
0.9014336466789246 0.2356419861316681 -0.3631669282913208 1.387506365776062 0.43215247988700867 -0.5396344661712646 0.7225225567817688 0.7429089546203613 -0.025720803067088127 -0.8082495927810669 -0.5882779955863953 1.5609896183013916
0.8914368152618408 0.24614271521568298 -0.38046565651893616 1.3870582580566406 0.4525262415409088 -0.5274149775505066 0.7190642356872559 0.7264202237129211 -0.023670922964811325 -0.8131710290908813 -0.5815432071685791 1.5647199153900146
0.8800619840621948 0.2545986771583557 -0.4008370339870453 1.388415813446045 0.47428736090660095 -0.5126782059669495 0.7156902551651001 0.7106926441192627 -0.023286661133170128 -0.8199637532234192 -0.5719415545463562 1.5645374059677124
0.8719735145568848 0.2609442174434662 -0.41421031951904297 1.3867686986923218 0.48904329538345337 -0.5028946995735168 0.7126945853233337 0.6922996044158936 -0.02233070321381092 -0.8240175843238831 -0.566123902797699 1.5650838613510132
0.8612678050994873 0.266862154006958 -0.432437539100647 1.3816711902618408 0.5075002312660217 -0.4947865307331085 0.7054287791252136 0.6751924753189087 -0.025712087750434875 -0.827025294303894 -0.5615763664245605 1.5651671886444092
0.8457834720611572 0.273541122674942 -0.4580670893192291 1.3761101961135864 0.5324221253395081 -0.4879443645477295 0.6916913390159607 0.6570376753807068 -0.03430528938770294 -0.8289061784744263 -0.5583346486091614 1.5619055032730103
0.828872561454773 0.27960771322250366 -0.4845510423183441 1.3683832883834839 0.5572566986083984 -0.48905766010284424 0.6710346341133118 0.6425514817237854 -0.049346983432769775 -0.8262215256690979 -0.5611797571182251 1.562481164932251
0.8074589967727661 0.29681965708732605 -0.5098116993904114 1.359457015991211 0.5873827934265137 -0.48464369773864746 0.6481526494026184 0.6264895796775818 -0.05469263345003128 -0.8228113055229187 -0.5656766891479492 1.5642127990722656
0.789063572883606 0.31765323877334595 -0.5258089303970337 1.3498525619506836 0.6122049689292908 -0.47743842005729675 0.6302837133407593 0.613227367401123 -0.050829771906137466 -0.8192367553710938 -0.5711981654167175 1.5687434673309326
0.770401120185852 0.3312908709049225 -0.5447278618812561 1.3397865295410156 0.6356871724128723 -0.46457305550575256 0.6165011525154114 0.6016265749931335 -0.0488247312605381 -0.8212296366691589 -0.5685049295425415 1.5712554454803467
0.7523576617240906 0.345157265663147 -0.5610921382904053 1.3279006481170654 0.6572913527488708 -0.45006805658340454 0.6044889092445374 0.5852213501930237 -0.04388595372438431 -0.8235927820205688 -0.5654810070991516 1.5695910453796387
0.731667160987854 0.36832499504089355 -0.5735850930213928 1.313633680343628 0.6808525323867798 -0.4358695447444916 0.5886064171791077 0.5741336345672607 -0.033209849148988724 -0.8211907744407654 -0.5696864128112793 1.574192762374878
0.7111814022064209 0.3848574459552765 -0.5883074998855591 1.2963553667068481 0.7026038765907288 -0.41749435663223267 0.5762344598770142 0.5586958527565002 -0.02384696714580059 -0.8231543302536011 -0.5673165321350098 1.5764623880386353
0.6829748153686523 0.40027809143066406 -0.6110014915466309 1.2869786024093628 0.730168342590332 -0.3970138728618622 0.5560881495475769 0.546894371509552 -0.019986208528280258 -0.8259281516075134 -0.563420832157135 1.5718499422073364
0.6529402136802673 0.4223839342594147 -0.6286977529525757 1.2743139266967773 0.757270872592926 -0.37992992997169495 0.5312193036079407 0.5358874797821045 -0.014482633210718632 -0.8229489326477051 -0.5679305791854858 1.5713282823562622
0.6174339652061462 0.4488961398601532 -0.6459624767303467 1.2576947212219238 0.7866018414497375 -0.35830384492874146 0.502867579460144 0.5247232913970947 -0.005715582985430956 -0.8186027407646179 -0.574331521987915 1.5795233249664307
0.5827444195747375 0.46060293912887573 -0.6695176362991333 1.2511659860610962 0.8126238584518433 -0.32302412390708923 0.4850749969482422 0.5133678913116455 0.007156561594456434 -0.8267406821250916 -0.5625374913215637 1.5735059976577759
0.5590437054634094 0.4759003818035126 -0.6789616942405701 1.2443087100982666 0.8289335370063782 -0.30260759592056274 0.4704228937625885 0.5051678419113159 0.018415391445159912 -0.8258010149002075 -0.5636606812477112 1.568349003791809
0.5361681580543518 0.49489444494247437 -0.6838151812553406 1.2298020124435425 0.8435330390930176 -0.2841600775718689 0.4557465612888336 0.4960453510284424 0.03123338893055916 -0.8211774230003357 -0.5698174238204956 1.5736727714538574
0.5026670694351196 0.5034940242767334 -0.70272296667099 1.2235451936721802 0.8633490800857544 -0.2508172392845154 0.43785718083381653 0.486097127199173 0.044203344732522964 -0.8267915844917297 -0.5607686638832092 1.570454716682434
0.4767747223377228 0.5126581192016602 -0.7140501141548157 1.2193924188613892 0.8772903084754944 -0.22649861872196198 0.42315465211868286 0.4768497347831726 0.055202215909957886 -0.8281786441802979 -0.5577387809753418 1.5646206140518188
0.4491768777370453 0.5245639085769653 -0.7232378125190735 1.2102770805358887 0.8911644816398621 -0.20527911186218262 0.4045814573764801 0.469502329826355 0.06376312673091888 -0.8262524008750916 -0.5596792697906494 1.5653094053268433
0.4109538793563843 0.5373048186302185 -0.7364920377731323 1.2058357000350952 0.9084389209747314 -0.17354203760623932 0.38029152154922485 0.4658721089363098 0.07652002573013306 -0.8253402709960938 -0.5594263076782227 1.5635961294174194
0.38662880659103394 0.5494875311851501 -0.7406629920005798 1.2025710344314575 0.9170786142349243 -0.1442636251449585 0.37169143557548523 0.45537036657333374 0.09738898277282715 -0.8229528069496155 -0.5596997141838074 1.5583748817443848
0.3560451567173004 0.5638605356216431 -0.7451799511909485 1.200536847114563 0.9275922775268555 -0.11669585108757019 0.35490041971206665 0.4519544839859009 0.1131548285484314 -0.8175837397575378 -0.5645816922187805 1.55362868309021
0.3336609899997711 0.5763466358184814 -0.7459858655929565 1.1981161832809448 0.9343885779380798 -0.09739186614751816 0.3426842987537384 0.4411707818508148 0.12485187500715256 -0.8113810420036316 -0.5710275769233704 1.5472674369812012
0.29758530855178833 0.5927482843399048 -0.7483932375907898 1.19647216796875 0.9449745416641235 -0.0713031142950058 0.31927841901779175 0.43461546301841736 0.13588885962963104 -0.8022251129150391 -0.5813508033752441 1.5450431108474731
0.2591632306575775 0.6029266119003296 -0.7545288801193237 1.1955674886703491 0.9556753039360046 -0.047077130526304245 0.2906341850757599 0.4282243251800537 0.139709934592247 -0.7964063286781311 -0.5884027481079102 1.5416182279586792
0.23073604702949524 0.6090927124023438 -0.7587930560112 1.1977651119232178 0.9640887975692749 -0.03771583363413811 0.2628880441188812 0.4224545359611511 0.1315045803785324 -0.7922016382217407 -0.5959218144416809 1.5343557596206665
0.20035918056964874 0.6174005270004272 -0.7607054114341736 1.200626254081726 0.9723696112632751 -0.030366402119398117 0.2314627468585968 0.4131198823451996 0.1198052316904068 -0.7860625386238098 -0.6064256429672241 1.5298047065734863
0.1707076132297516 0.6221564412117004 -0.7640551328659058 1.202710747718811 0.9794848561286926 -0.02287255972623825 0.2002149075269699 0.4134535789489746 0.10708899796009064 -0.7825586795806885 -0.6132972836494446 1.527428388595581
0.16309896111488342 0.6228454113006592 -0.7651550769805908 1.2077833414077759 0.9826712012290955 -0.03332681208848953 0.18233586847782135 0.41223183274269104 0.08806677907705307 -0.7816346883773804 -0.6174877285957336 1.521963357925415
0.1740136742591858 0.6218535900115967 -0.7635557055473328 1.2136540412902832 0.9822185039520264 -0.05411925166845322 0.1797710657119751 0.40770113468170166 0.07046811282634735 -0.7812612056732178 -0.620213508605957 1.517171859741211
0.17791932821273804 0.6197195649147034 -0.7643901705741882 1.2230278253555298 0.9824038147926331 -0.06701748073101044 0.17433060705661774 0.40761229395866394 0.0568084791302681 -0.7819566130638123 -0.6207385063171387 1.5091102123260498
0.18827827274799347 0.6213489770889282 -0.7605765461921692 1.231676697731018 0.9810413718223572 -0.08277521282434464 0.17523089051246643 0.4079337418079376 0.045922547578811646 -0.7791492342948914 -0.6251537799835205 1.5024441480636597
0.20834596455097198 0.6213008165359497 -0.7553656101226807 1.238274097442627 0.9772859215736389 -0.1016228124499321 0.18596991896629333 0.40424540638923645 0.03878078609704971 -0.7769542336463928 -0.6283612251281738 1.496661901473999
0.22523978352546692 0.6211164593696594 -0.7506539225578308 1.246830940246582 0.9737011194229126 -0.11641807854175568 0.19583868980407715 0.40004563331604004 0.034248851239681244 -0.7750231623649597 -0.631003737449646 1.4894198179244995
0.2443934828042984 0.6221007108688354 -0.7438161373138428 1.250969648361206 0.9691967964172363 -0.1326003074645996 0.20754413306713104 0.3909328877925873 0.030483005568385124 -0.7716265916824341 -0.6353446245193481 1.4850302934646606
0.25478464365005493 0.6221179366111755 -0.7403066754341125 1.2559558153152466 0.9666630625724792 -0.14371882379055023 0.21191337704658508 0.3863116502761841 0.025439007207751274 -0.769619345664978 -0.637995719909668 1.4813077449798584
0.26892879605293274 0.6172653436660767 -0.7393650412559509 1.258363127708435 0.9629143476486206 -0.15497030317783356 0.2208619862794876 0.37130096554756165 0.02175072208046913 -0.7713413238525391 -0.6360495686531067 1.474151372909546
0.2746136486530304 0.6180962324142456 -0.7365760207176208 1.260394811630249 0.9613019824028015 -0.15892119705677032 0.22503867745399475 0.3640167713165283 0.02203790843486786 -0.7698706984519958 -0.6378189921379089 1.4699031114578247
0.27515318989753723 0.6179726719856262 -0.736478328704834 1.2605513334274292 0.9611490964889526 -0.15930767357349396 0.22541803121566772 0.3633870482444763 0.021975429728627205 -0.7698900103569031 -0.6377978324890137 1.4697957038879395
0.284896582365036 0.6141953468322754 -0.7359333038330078 1.264747977256775 0.9579213261604309 -0.15444499254226685 0.24193653464317322 0.34400010108947754 0.03493499010801315 -0.7738931179046631 -0.6323516368865967 1.4587886333465576
0.3047999143600464 0.6115723252296448 -0.7301206588745117 1.2608243227005005 0.9517404437065125 -0.16670657694339752 0.2576797604560852 0.3267730176448822 0.03587379306554794 -0.7734261155128479 -0.6328701972961426 1.4539135694503784
0.31979793310165405 0.6106968522071838 -0.7244159579277039 1.2574399709701538 0.9469695687294006 -0.18078047037124634 0.2656441926956177 0.31209808588027954 0.031267713755369186 -0.7709523439407349 -0.6361244916915894 1.4492135047912598
0.3322680592536926 0.6088012456893921 -0.7203879356384277 1.253277063369751 0.9428038001060486 -0.1926749050617218 0.27202415466308594 0.30138781666755676 0.02680785581469536 -0.769569456577301 -0.6379997730255127 1.4476860761642456
0.3466211259365082 0.6029134392738342 -0.7185742855072021 1.2519161701202393 0.9376740455627441 -0.20236515998840332 0.2825164198875427 0.2863253355026245 0.024918435141444206 -0.7717146277427673 -0.6354802250862122 1.4379072189331055
0.35194647312164307 0.6095678806304932 -0.710324227809906 1.2502062320709229 0.9358881115913391 -0.2164269983768463 0.2779795825481415 0.2869390547275543 0.015713989734649658 -0.7626178860664368 -0.6466579437255859 1.4364382028579712
0.38589778542518616 0.6017537117004395 -0.6992676258087158 1.2401225566864014 0.9225409030914307 -0.2508929669857025 0.29320788383483887 0.2623222768306732 0.0009975049179047346 -0.7582511901855469 -0.6519613265991211 1.4329768419265747
0.3985326588153839 0.6013152599334717 -0.6925254464149475 1.2373296022415161 0.9170997142791748 -0.26949480175971985 0.2937695384025574 0.24845287203788757 -0.009984007105231285 -0.7521916031837463 -0.6588684320449829 1.425671935081482
0.3988891839981079 0.6012113094329834 -0.692410409450531 1.2372642755508423 0.9169429540634155 -0.2698572278022766 0.29392606019973755 0.2480413317680359 -0.01014038547873497 -0.7521447539329529 -0.6589195132255554 1.425688624382019
0.42311978340148926 0.6141249537467957 -0.666198194026947 1.2271097898483276 0.9057492613792419 -0.3063545227050781 0.2928566038608551 0.23955540359020233 -0.02424238994717598 -0.7273219227790833 -0.6858677864074707 1.428565263748169
0.4548567533493042 0.6050821542739868 -0.653437614440918 1.2160063982009888 0.8896328806877136 -0.3422749936580658 0.30232590436935425 0.22303743660449982 -0.04072346165776253 -0.7188345789909363 -0.6939870119094849 1.432299017906189
0.4731319546699524 0.5970320701599121 -0.6478415131568909 1.2084074020385742 0.8795000910758972 -0.36285942792892456 0.3079162836074829 0.20874737203121185 -0.05123963952064514 -0.7154617309570312 -0.6967700719833374 1.4329910278320312
0.4965938925743103 0.5879446268081665 -0.6385259628295898 1.1964130401611328 0.8655068278312683 -0.390943706035614 0.31314659118652344 0.19293035566806793 -0.06551497429609299 -0.7081552743911743 -0.7030102610588074 1.439071536064148
0.5124474167823792 0.5748687386512756 -0.637905478477478 1.1863055229187012 0.8547003865242004 -0.41323137283325195 0.314208447933197 0.17817920446395874 -0.08297406136989594 -0.7062333226203918 -0.70309978723526 1.4445170164108276
0.5325015783309937 0.5555536150932312 -0.6385937929153442 1.1765862703323364 0.8400906920433044 -0.43904587626457214 0.31856900453567505 0.15747705101966858 -0.10338995605707169 -0.706115186214447 -0.7005079388618469 1.4464720487594604
0.5480519533157349 0.545880138874054 -0.6337615847587585 1.1648818254470825 0.8277503252029419 -0.46291038393974304 0.3170855939388275 0.14568287134170532 -0.12028425186872482 -0.6983757019042969 -0.705551266670227 1.4546858072280884
0.560465395450592 0.5361420512199402 -0.6312131285667419 1.1521015167236328 0.8186405897140503 -0.4739881455898285 0.32428795099258423 0.13155965507030487 -0.12532329559326172 -0.6984888315200806 -0.7045615315437317 1.4646817445755005
0.5638613104820251 0.5319350361824036 -0.6317477822303772 1.1420804262161255 0.8172388672828674 -0.4696817100048065 0.33394545316696167 0.1141715794801712 -0.11908327788114548 -0.7045877575874329 -0.6995532512664795 1.470786452293396
0.565579354763031 0.5355673432350159 -0.6271262168884277 1.1298519372940063 0.8178457617759705 -0.4620380699634552 0.34299996495246887 0.09800321608781815 -0.1060568243265152 -0.7068862318992615 -0.6993306279182434 1.4794503450393677
0.5690888166427612 0.5406704545021057 -0.6195265054702759 1.1192500591278076 0.8171785473823547 -0.45563483238220215 0.3530098497867584 0.08396363258361816 -0.09141608327627182 -0.7071577310562134 -0.701120913028717 1.4896180629730225
0.578209400177002 0.5410693287849426 -0.6106697916984558 1.1053675413131714 0.8116357326507568 -0.45776885747909546 0.36289793252944946 0.07021436095237732 -0.08319289982318878 -0.705472469329834 -0.7038373947143555 1.503836989402771
0.5896658301353455 0.534112811088562 -0.605819582939148 1.0954095125198364 0.8039495348930359 -0.45986708998680115 0.3770771920681 0.05288829281926155 -0.0771949514746666 -0.7093979716300964 -0.7005676031112671 1.5141007900238037
0.5910263061523438 0.5357677340507507 -0.6030260920524597 1.0867518186569214 0.8034743666648865 -0.4572960436344147 0.3811942934989929 0.03978098928928375 -0.07153008133172989 -0.7098119258880615 -0.7007495760917664 1.524343490600586
0.5948665142059326 0.5366674065589905 -0.5984326004981995 1.0783709287643433 0.8011294007301331 -0.456738144159317 0.38675808906555176 0.027279824018478394 -0.06576677411794662 -0.7094914317131042 -0.7016382217407227 1.5346604585647583
0.5978137850761414 0.5398074984550476 -0.5926433801651001 1.071409821510315 0.7994503378868103 -0.4560020864009857 0.3910768926143646 0.01904699206352234 -0.05914062261581421 -0.7075801491737366 -0.7041535973548889 1.5451605319976807
0.600601315498352 0.5426133871078491 -0.5872379541397095 1.0633608102798462 0.7980193495750427 -0.45222124457359314 0.3983226716518402 0.004879646934568882 -0.04942651093006134 -0.7078604102134705 -0.7046205997467041 1.5529639720916748
0.603185772895813 0.5484336614608765 -0.5791261792182922 1.0561894178390503 0.7966347336769104 -0.4499725103378296 0.4036058485507965 -0.004815424792468548 -0.03924008086323738 -0.7048013806343079 -0.708318293094635 1.5598335266113281
0.6073995232582092 0.5565640926361084 -0.5668350458145142 1.0507932901382446 0.7939821481704712 -0.44836848974227905 0.41055795550346375 -0.017900746315717697 -0.025649402290582657 -0.6994296312332153 -0.7142407298088074 1.5622764825820923
0.6078811287879944 0.5761057734489441 -0.5464270114898682 1.0398521423339844 0.793976366519928 -0.448855996131897 0.4100360870361328 -0.02537347376346588 -0.009043129161000252 -0.6831033229827881 -0.7302654385566711 1.5710036754608154
0.6072365045547485 0.591488778591156 -0.5304758548736572 1.0261956453323364 0.7945061922073364 -0.4479849636554718 0.40996238589286804 -0.03390630707144737 0.004842712078243494 -0.6704104542732239 -0.7419742941856384 1.581214189529419
0.6112974286079407 0.5967167615890503 -0.5198503732681274 1.0132591724395752 0.7912775874137878 -0.4492572546005249 0.41478604078292847 -0.03902479633688927 0.013962991535663605 -0.6649035811424255 -0.7467983365058899 1.5899723768234253
0.6174256801605225 0.5992602109909058 -0.5095807909965515 1.001986026763916 0.7862767577171326 -0.4507637619972229 0.4225879907608032 -0.04316723719239235 0.023539390414953232 -0.661588191986084 -0.7494974732398987 1.5980191230773926
0.6320320963859558 0.5927347540855408 -0.49920010566711426 0.98799729347229 0.7741894125938416 -0.4545730650424957 0.4404473304748535 -0.04802373796701431 0.03414531052112579 -0.6648522615432739 -0.7461937069892883 1.6068003177642822
0.6445527076721191 0.5842901468276978 -0.4931091368198395 0.9842525124549866 0.763208270072937 -0.45337697863578796 0.4603935778141022 -0.05389935150742531 0.04543890431523323 -0.6730928421020508 -0.7381604313850403 1.6059576272964478
0.6585610508918762 0.58309406042099 -0.47570836544036865 0.9728559851646423 0.7502140998840332 -0.45919013023376465 0.47573423385620117 -0.0573388896882534 0.05895702540874481 -0.6701830625534058 -0.7398501038551331 1.6101518869400024
0.6587469577789307 0.5829627513885498 -0.47561192512512207 0.9728623032569885 0.7500558495521545 -0.459373414516449 0.47580686211586 -0.05722706764936447 0.058893993496894836 -0.6701717376708984 -0.7398654222488403 1.610172986984253
0.6922064423561096 0.5646165609359741 -0.4495088458061218 0.9484347105026245 0.7175442576408386 -0.4716844856739044 0.5124879479408264 -0.059179436415433884 0.07733263075351715 -0.6772898435592651 -0.7316403985023499 1.6187024116516113
0.7096474766731262 0.5511008501052856 -0.43896254897117615 0.9433757662773132 0.69913649559021 -0.47367849946022034 0.5355714559555054 -0.064063161611557 0.08722653985023499 -0.6869615316390991 -0.7214394807815552 1.6136060953140259
0.7097597718238831 0.5509979128837585 -0.43891021609306335 0.9434337019920349 0.699025571346283 -0.4737586975097656 0.5356453061103821 -0.064022958278656 0.08720168471336365 -0.6869888305664062 -0.7214164733886719 1.6135855913162231
0.7439284920692444 0.5311023592948914 -0.4055865406990051 0.9144827127456665 0.6593352556228638 -0.48448994755744934 0.5749316811561584 -0.06580159813165665 0.10884475708007812 -0.6951254606246948 -0.7106003761291504 1.613110065460205
0.7574814558029175 0.5166741609573364 -0.3990857005119324 0.9034984111785889 0.6437958478927612 -0.48966529965400696 0.5880091190338135 -0.07710646092891693 0.10839050263166428 -0.7023355960845947 -0.703545093536377 1.600372552871704
0.7577490210533142 0.5164628624916077 -0.3988511562347412 0.9033696055412292 0.6434850692749023 -0.4898959994316101 0.5881571173667908 -0.07714435458183289 0.10836552828550339 -0.7023301124572754 -0.7035543918609619 1.6003916263580322
0.7683781981468201 0.5087525248527527 -0.38828542828559875 0.8744093775749207 0.6332817077636719 -0.5167490243911743 0.5761290192604065 -0.08214461803436279 0.0924607366323471 -0.6885789036750793 -0.7192423939704895 1.5856987237930298
0.7749440670013428 0.5048213005065918 -0.38028526306152344 0.8533058166503906 0.6258094310760498 -0.5286723375320435 0.5734701752662659 -0.0805533230304718 0.08845344930887222 -0.6823932528495789 -0.7256134748458862 1.5826706886291504
0.7749525308609009 0.5048181414604187 -0.3802722692489624 0.8531127572059631 0.6258032917976379 -0.5287185311317444 0.5734342932701111 -0.08070360124111176 0.08842284977436066 -0.6823598146438599 -0.7256486415863037 1.5826995372772217
0.7908396124839783 0.49203696846961975 -0.3639672100543976 0.8381943702697754 0.6061944365501404 -0.5478606820106506 0.5765213966369629 -0.09577956795692444 0.08426633477210999 -0.6765706539154053 -0.7315400242805481 1.5524615049362183
0.807449221611023 0.4877370595932007 -0.33187058568000793 0.8102359175682068 0.583785891532898 -0.5795834064483643 0.5685745477676392 -0.08889242261648178 0.08496800065040588 -0.652836263179779 -0.7527182698249817 1.553451418876648
0.807589054107666 0.4875837564468384 -0.33175554871559143 0.8101828098297119 0.5835978388786316 -0.5797171592712402 0.5686312317848206 -0.08882925659418106 0.08493076264858246 -0.65283203125 -0.752726137638092 1.5534721612930298
0.8270993232727051 0.45794567465782166 -0.32587146759033203 0.7843435406684875 0.557986319065094 -0.5993753671646118 0.5739340782165527 -0.10059109330177307 0.06751109659671783 -0.6565321683883667 -0.7512704730033875 1.5292422771453857
0.8323127031326294 0.4513666033744812 -0.3217506408691406 0.7645137310028076 0.5516524910926819 -0.6177700757980347 0.5603923201560974 -0.09543158113956451 0.05417424440383911 -0.6439160704612732 -0.7631754875183105 1.5259991884231567
0.8322742581367493 0.4513968527317047 -0.32180771231651306 0.7641620635986328 0.5517088174819946 -0.6176956295967102 0.560418963432312 -0.09572499990463257 0.05419190600514412 -0.6439662575721741 -0.763131856918335 1.5259555578231812
0.8403599858283997 0.4204787611961365 -0.34204158186912537 0.7355936169624329 0.5416533946990967 -0.6279857158660889 0.5587893128395081 -0.10817529261112213 0.020161567255854607 -0.6548519730567932 -0.755487859249115 1.5008471012115479
0.8463962078094482 0.4141256809234619 -0.33483293652534485 0.7222992181777954 0.5323988199234009 -0.6428333520889282 0.550741970539093 -0.10577990114688873 0.012834371067583561 -0.6444103717803955 -0.7645717859268188 1.492485761642456
0.8463480472564697 0.4142090082168579 -0.3348516523838043 0.7220630645751953 0.5324754118919373 -0.6428368091583252 0.550663948059082 -0.10587600618600845 0.012834758497774601 -0.6443533897399902 -0.7646198272705078 1.4925459623336792
0.8627130389213562 0.392474502325058 -0.31888821721076965 0.6935967206954956 0.5055447816848755 -0.65406733751297 0.5626903176307678 -0.10585469007492065 0.012267006561160088 -0.646652340888977 -0.7626858949661255 1.4773962497711182
0.8628813028335571 0.3922455906867981 -0.31871461868286133 0.6934359073638916 0.5052582621574402 -0.6542139053344727 0.5627772808074951 -0.10593120008707047 0.012239162810146809 -0.6466429829597473 -0.7626942992210388 1.4774048328399658
0.8748020529747009 0.3840372860431671 -0.29535821080207825 0.6712720394134521 0.48406508564949036 -0.6676067113876343 0.5656697750091553 -0.11858323216438293 0.020054949447512627 -0.6378214955329895 -0.7699227929115295 1.457413911819458
0.8797850012779236 0.38011670112609863 -0.2854633927345276 0.6560994386672974 0.4748121201992035 -0.6735402941703796 0.5664776563644409 -0.12166523188352585 0.023056315258145332 -0.633919894695282 -0.7730547189712524 1.4526708126068115
0.8865767121315002 0.3711066246032715 -0.2761545181274414 0.6489375829696655 0.4619969129562378 -0.68035888671875 0.5689206123352051 -0.12996625900268555 0.02324581705033779 -0.6319741606712341 -0.7746405005455017 1.4444866180419922
0.8869714736938477 0.37048161029815674 -0.275725781917572 0.6486988663673401 0.4612444043159485 -0.6807452440261841 0.5690690279006958 -0.13015548884868622 0.023130381479859352 -0.6319248080253601 -0.7746841907501221 1.4444799423217773
0.8992651700973511 0.3638540506362915 -0.24275930225849152 0.620155394077301 0.43620631098747253 -0.7049691081047058 0.5592339634895325 -0.13543471693992615 0.032341498881578445 -0.6087926030158997 -0.7926696538925171 1.4479297399520874
0.8993710875511169 0.3636551797389984 -0.24266499280929565 0.6198446154594421 0.43599191308021545 -0.7050685286521912 0.5592758655548096 -0.1356494128704071 0.032287877053022385 -0.6087963581085205 -0.7926689982414246 1.4479113817214966
0.9081586599349976 0.34976431727409363 -0.2300271987915039 0.6090821623802185 0.4171300530433655 -0.7096505165100098 0.5678017139434814 -0.14336638152599335 0.03535761311650276 -0.6116051077842712 -0.7903724908828735 1.4496642351150513
0.923376739025116 0.3262472152709961 -0.20233123004436493 0.5879281759262085 0.38160577416419983 -0.7225693464279175 0.5764293074607849 -0.1620912253856659 0.04185986891388893 -0.6094719767570496 -0.7917015552520752 1.454574704170227
0.9304030537605286 0.3143972158432007 -0.18842583894729614 0.5734521746635437 0.36379024386405945 -0.7292438745498657 0.5795344710350037 -0.16478312015533447 0.04479540139436722 -0.6077479124069214 -0.7928653955459595 1.4650661945343018
0.9305655360221863 0.31407594680786133 -0.18815898895263672 0.5733029842376709 0.3633750081062317 -0.7294073104858398 0.5795892477035522 -0.16472870111465454 0.044790275394916534 -0.6077178716659546 -0.7928887009620667 1.465083122253418
0.9422945380210876 0.29018130898475647 -0.1669597327709198 0.5555460453033447 0.3300352692604065 -0.7214601039886475 0.6087464094161987 -0.1908654123544693 0.0561918281018734 -0.6287208199501038 -0.7755979895591736 1.47419273853302
0.9507651925086975 0.27476659417152405 -0.14334774017333984 0.5418217182159424 0.3031467795372009 -0.7284273505210876 0.6144068241119385 -0.19887752830982208 0.0643998384475708 -0.6276118755340576 -0.7758579850196838 1.483386516571045
0.950860321521759 0.27450233697891235 -0.14322282373905182 0.542141854763031 0.3028678596019745 -0.728553056716919 0.6143953204154968 -0.19850735366344452 0.0643073096871376 -0.6275815963745117 -0.7758901715278625 1.4834363460540771
0.9666057825088501 0.23243823647499084 -0.10791390389204025 0.518339991569519 0.24660536646842957 -0.7291305661201477 0.6383999586105347 -0.21914276480674744 0.06970503181219101 -0.6436931490898132 -0.7621023654937744 1.4999241828918457
0.9701772332191467 0.2206820696592331 -0.10027595609426498 0.5093556046485901 0.23268283903598785 -0.7319389581680298 0.6404093503952026 -0.22706910967826843 0.06793077290058136 -0.6446429491043091 -0.761459469795227 1.5091122388839722
0.9702782034873962 0.22035759687423706 -0.10001242905855179 0.5089938640594482 0.23226647078990936 -0.7320392727851868 0.6404458284378052 -0.22721771895885468 0.06791386753320694 -0.6446400284767151 -0.761463463306427 1.5090994834899902
0.9754462838172913 0.20175862312316895 -0.08830466121435165 0.48256155848503113 0.2101539969444275 -0.7327629327774048 0.6472200751304626 -0.2427694946527481 0.06587563455104828 -0.649885892868042 -0.7571713328361511 1.532395362854004
0.9755030870437622 0.2015690803527832 -0.0881100744009018 0.4822548031806946 0.20988677442073822 -0.7328458428382874 0.6472129225730896 -0.24281790852546692 0.06588679552078247 -0.6498512029647827 -0.7572001218795776 1.532419204711914
0.9776530265808105 0.19373872876167297 -0.0816064402461052 0.4712270200252533 0.19914132356643677 -0.7291058897972107 0.654788076877594 -0.25443392992019653 0.0673578605055809 -0.6564066410064697 -0.7513939738273621 1.5417324304580688
0.9809748530387878 0.18080151081085205 -0.07070326060056686 0.44891422986984253 0.18163131177425385 -0.7261738777160645 0.6630849838256836 -0.2729523777961731 0.0685436949133873 -0.6633114814758301 -0.7451974749565125 1.5583730936050415
0.9831835031509399 0.16977807879447937 -0.06727088987827301 0.4386771619319916 0.17062239348888397 -0.7226822376251221 0.6697898507118225 -0.2832617163658142 0.06509995460510254 -0.67000412940979 -0.739497184753418 1.5626689195632935
0.9832977652549744 0.16929003596305847 -0.0668289065361023 0.43816617131233215 0.1699664443731308 -0.7228067517280579 0.6698222160339355 -0.2832825779914856 0.0650896430015564 -0.6699932813644409 -0.7395079135894775 1.5626758337020874
0.9854554533958435 0.1613631695508957 -0.05328413471579552 0.40300431847572327 0.15609847009181976 -0.7356495261192322 0.6591305136680603 -0.29109814763069153 0.06716074049472809 -0.6578612923622131 -0.7501384019851685 1.583409070968628
0.9851834774017334 0.164044588804245 -0.05002560466527939 0.3905412256717682 0.1555984914302826 -0.7322789430618286 0.6629906892776489 -0.29501888155937195 0.07212713360786438 -0.6609513163566589 -0.7469542622566223 1.5949320793151855
0.9849476218223572 0.16661496460437775 -0.04601375386118889 0.38009145855903625 0.15398290753364563 -0.7248234152793884 0.6715059280395508 -0.29298534989356995 0.07853088527917862 -0.6684834957122803 -0.7395690679550171 1.6106370687484741
0.985945999622345 0.1629357635974884 -0.0369056761264801 0.37029701471328735 0.14320793747901917 -0.7105185985565186 0.6889519095420837 -0.3020508885383606 0.08603253215551376 -0.6845545768737793 -0.7238668203353882 1.6173603534698486
0.9865214228630066 0.16208598017692566 -0.022433362901210785 0.3562827706336975 0.131627157330513 -0.7046323418617249 0.6972571611404419 -0.30821916460990906 0.09720813482999802 -0.6908119320869446 -0.716469943523407 1.6254174709320068
0.9880377054214478 0.15408609807491302 -0.006214836612343788 0.33667221665382385 0.11361110210418701 -0.7000666260719299 0.7049817442893982 -0.30173006653785706 0.1042768806219101 -0.6972545385360718 -0.7091982364654541 1.6412172317504883
0.9896373152732849 0.14357030391693115 -0.0022882751654833555 0.32363224029541016 0.1005009263753891 -0.6811986565589905 0.7251675128936768 -0.30797046422958374 0.10255355387926102 -0.7178827524185181 -0.6885687112808228 1.6450695991516113
0.9896785616874695 0.14328894019126892 -0.0020634024403989315 0.32325541973114014 0.10014937072992325 -0.681275486946106 0.7251439690589905 -0.30780574679374695 0.10249916464090347 -0.717866063117981 -0.6885942220687866 1.6451281309127808
0.9917571544647217 0.12809200584888458 0.003137568011879921 0.30252543091773987 0.08418919146060944 -0.6699051856994629 0.737657904624939 -0.3161189556121826 0.09658976644277573 -0.7313133478164673 -0.6751673817634583 1.6444268226623535
0.9921545386314392 0.12493706494569778 0.00444403849542141 0.2760007083415985 0.07865582406520844 -0.6514638066291809 0.7545914053916931 -0.31158068776130676 0.09717138111591339 -0.7483217120170593 -0.6561799049377441 1.657914400100708
0.9921241402626038 0.1251818686723709 0.00434017414227128 0.27579841017723083 0.07889094948768616 -0.6514089107513428 0.7546142339706421 -0.31148579716682434 0.09729106724262238 -0.7483285665512085 -0.6561543345451355 1.6579104661941528
0.9931055903434753 0.11624138057231903 0.015130678191781044 0.2566043436527252 0.06266272068023682 -0.6355230808258057 0.7695347666740417 -0.31909194588661194 0.09906750172376633 -0.7632811069488525 -0.6384256482124329 1.650829792022705
0.9932940602302551 0.10902974754571915 0.038460299372673035 0.22041437029838562 0.0399605967104435 -0.6359223127365112 0.7707177996635437 -0.31495967507362366 0.10848875343799591 -0.7640124559402466 -0.6360148787498474 1.6439733505249023
0.993309497833252 0.10880838334560394 0.038688238710165024 0.22016198933124542 0.03964753821492195 -0.6359701156616211 0.7706945538520813 -0.3148442208766937 0.10846240818500519 -0.7640042304992676 -0.6360292434692383 1.6439794301986694
0.9936198592185974 0.10242196172475815 0.04721370339393616 0.1982526034116745 0.02872832491993904 -0.6346799731254578 0.7722408771514893 -0.3096996247768402 0.10905984044075012 -0.7659574151039124 -0.6335731744766235 1.6410499811172485
0.9942589402198792 0.09392937272787094 0.05124673247337341 0.15645140409469604 0.021217919886112213 -0.6425061821937561 0.7659866213798523 -0.3053323030471802 0.10487481206655502 -0.7605016231536865 -0.6408106684684753 1.6208735704421997
0.9942399263381958 0.09422513097524643 0.051071807742118835 0.15627451241016388 0.021550210192799568 -0.6425461769104004 0.7659437656402588 -0.30528658628463745 0.10498697310686111 -0.7604312300682068 -0.6408758163452148 1.620975375175476
0.9942402243614197 0.08955316990613937 0.058875974267721176 0.12904122471809387 0.014240309596061707 -0.6548664569854736 0.7556103467941284 -0.28229638934135437 0.10622302442789078 -0.7504197359085083 -0.652370035648346 1.6297810077667236
0.995682418346405 0.07993953675031662 0.04717950522899628 0.0844167023897171 0.014763766899704933 -0.638181746006012 0.7697440981864929 -0.2723761200904846 0.09164191037416458 -0.7657240629196167 -0.636606752872467 1.6112605333328247
0.9956604242324829 0.08059880882501602 0.046517517417669296 0.0845419317483902 0.015700073912739754 -0.6381881237030029 0.7697202563285828 -0.2723012864589691 0.09172528982162476 -0.7656496167182922 -0.6366842985153198 1.6113742589950562
0.9963857531547546 0.07591117173433304 0.03811366483569145 0.06699851900339127 0.018651148304343224 -0.633270263671875 0.7737058401107788 -0.2575836479663849 0.08286899328231812 -0.7701985836029053 -0.6323975324630737 1.613288402557373
0.9983738660812378 0.04259774461388588 0.03787875175476074 0.025560785084962845 -0.004690730944275856 -0.6008517742156982 0.7993466258049011 -0.24079114198684692 0.05680970847606659 -0.7982243895530701 -0.5996751189231873 1.5887163877487183
0.9983818531036377 0.04219329357147217 0.03812050819396973 0.025453709065914154 -0.005119424778968096 -0.6009664535522461 0.7992578148841858 -0.2409214973449707 0.05663229525089264 -0.7981595396995544 -0.5997781753540039 1.5887516736984253
0.9986952543258667 0.028658587485551834 0.04226408898830414 0.018931660801172256 -0.017458081245422363 -0.5861629247665405 0.8100050687789917 -0.23027938604354858 0.04798707365989685 -0.8096859455108643 -0.5848979353904724 1.5867609977722168
0.996708869934082 0.030510064214468002 0.07510202378034592 -0.0031189832370728254 -0.04969838261604309 -0.5019307136535645 0.8634787797927856 -0.221517875790596 0.0640406608581543 -0.8643693327903748 -0.4987625777721405 1.5432133674621582
0.9967060685157776 0.030445709824562073 0.07516534626483917 -0.0032056327909231186 -0.04978429153561592 -0.5019458532333374 0.8634650707244873 -0.22142581641674042 0.06401759386062622 -0.8643628358840942 -0.4987768232822418 1.543229341506958
0.9949788451194763 0.032859932631254196 0.0945364236831665 -0.01562441699206829 -0.06705372780561447 -0.4823691248893738 0.8733978867530823 -0.21225014328956604 0.0743011087179184 -0.8753513097763062 -0.4777437448501587 1.5233252048492432
0.9928447008132935 0.04518748074769974 0.11053171008825302 -0.04321013018488884 -0.07913778722286224 -0.4441726505756378 0.8924393057823181 -0.19975663721561432 0.08942211419343948 -0.8948007822036743 -0.43741846084594727 1.4653401374816895
0.9928128123283386 0.04524974897503853 0.11079210788011551 -0.04353104531764984 -0.07933704555034637 -0.4442470371723175 0.8923845887184143 -0.19967958331108093 0.0895991101861 -0.8947607278823853 -0.43746423721313477 1.4654316902160645
0.9932752847671509 0.04735684394836426 0.10564674437046051 -0.05015602707862854 -0.07288644462823868 -0.4532042145729065 0.8884219527244568 -0.18885387480258942 0.08995227515697479 -0.8901477456092834 -0.4467049241065979 1.4447680711746216
0.995997965335846 0.06995613873004913 0.05562253296375275 -0.06486397236585617 -0.015882112085819244 -0.47391051054000854 0.8804298043251038 -0.15265776216983795 0.08795143663883209 -0.8777896761894226 -0.4709028899669647 1.4228343963623047
0.9957943558692932 0.08824445307254791 0.024621427059173584 -0.08372469246387482 0.01925334893167019 -0.4643173813819885 0.8854596018791199 -0.13727377355098724 0.08956892043352127 -0.8812615871429443 -0.4640636742115021 1.406065583229065
0.9957460165023804 0.08913525938987732 0.023333614692091942 -0.08459857851266861 0.02082056552171707 -0.4643654227256775 0.8853989243507385 -0.13685747981071472 0.08975545316934586 -0.8811466097831726 -0.46424591541290283 1.4062247276306152
0.9927982091903687 0.11403566598892212 -0.036704450845718384 -0.07603399455547333 0.08690836280584335 -0.47472214698791504 0.8758343458175659 -0.12574703991413116 0.08245180547237396 -0.8727167248725891 -0.4812140166759491 1.3795020580291748
0.9924209713935852 0.11616674810647964 -0.04006931930780411 -0.08316155523061752 0.09132837504148483 -0.4791015684604645 0.8729953169822693 -0.11089708656072617 0.08221562206745148 -0.8700383305549622 -0.4860798418521881 1.382459044456482
0.9924168586730957 0.11618659645318985 -0.04011305794119835 -0.08339942991733551 0.09137562662363052 -0.47909119725227356 0.8729960918426514 -0.11102926731109619 0.08221250027418137 -0.8700413703918457 -0.48607489466667175 1.3824529647827148
0.9917595982551575 0.12382746487855911 -0.032852914184331894 -0.09085409343242645 0.08705922961235046 -0.4632895290851593 0.8819203972816467 -0.10267379134893417 0.0939854308962822 -0.8775131106376648 -0.47025221586227417 1.3614706993103027
0.9917907118797302 0.12367139756679535 -0.03249923139810562 -0.09104911237955093 0.08666996657848358 -0.46328601241111755 0.8819605708122253 -0.10258599370718002 0.09401673078536987 -0.8775370121002197 -0.47020140290260315 1.361457109451294
